60 0.494554 0.566964 0.127075 0.173764
60 0.546421 0.494162 0.0959544 0.12706
56 0.576764 0.442308 0.026971 0.0425824
74 0.786566 0.277473 0.0430498 0.0659341
56 0.441909 0.576923 0.060166 0.0934066
60 0.691649 0.74897 0.256743 0.300137
56 0.245073 0.491758 0.0565353 0.0480769
56 0.583247 0.674451 0.0835062 0.200549
56 0.316131 0.479396 0.0513485 0.0480769
56 0.593361 0.492445 0.0695021 0.126374
0 0.658454 0.563187 0.0855809 0.17033
56 0.259855 0.664492 0.130705 0.146291
56 0.83195 0.779533 0.103734 0.259615
56 0.451504 0.68853 0.0907676 0.220467
56 0.728216 0.840316 0.173237 0.289148
0 0.400415 0.51614 0.0881743 0.210852
56 0.42194 0.867788 0.145747 0.253434
56 0.26945 0.814217 0.172718 0.308379
