60 0.495851 0.565934 0.124481 0.171703
60 0.546162 0.494505 0.096473 0.126374
56 0.576764 0.441964 0.0280083 0.0418956
74 0.786566 0.277129 0.0420124 0.0652473
56 0.435685 0.553571 0.0809129 0.126374
56 0.315871 0.479396 0.0508299 0.0480769
60 0.691649 0.750343 0.256743 0.304258
56 0.245332 0.491758 0.0560166 0.0480769
56 0.592842 0.492445 0.0695021 0.126374
0 0.658195 0.562843 0.0850622 0.17239
56 0.585062 0.675481 0.0860996 0.199863
56 0.259595 0.665522 0.130187 0.151099
56 0.447873 0.688187 0.0990664 0.223901
56 0.832988 0.778846 0.10166 0.258242
56 0.728734 0.839973 0.172199 0.289835
56 0.422458 0.868132 0.14471 0.252747
56 0.26945 0.814217 0.172718 0.307005
