56 0.530083 0.5625 0.0612033 0.174451
62 0.315612 0.480426 0.0513485 0.0501374
63 0.316131 0.481113 0.0503112 0.051511
56 0.408714 0.552885 0.0570539 0.127747
56 0.637707 0.595467 0.0544606 0.112637
60 0.690612 0.750343 0.256743 0.301511
56 0.585322 0.676854 0.0855809 0.201236
0 0.251297 0.548077 0.0969917 0.212912
0 0.661826 0.559753 0.0819502 0.162088
0 0.466805 0.51511 0.0643154 0.17033
56 0.259855 0.666552 0.128631 0.153159
56 0.447873 0.68853 0.100104 0.224588
0 0.599585 0.478709 0.0757261 0.200549
56 0.83221 0.779533 0.102178 0.258242
56 0.728734 0.839973 0.172199 0.289835
56 0.421681 0.867788 0.146266 0.253434
56 0.269191 0.814904 0.171162 0.305632
