60 0.495851 0.566277 0.124481 0.173764
62 0.576504 0.441964 0.0274896 0.0418956
63 0.576764 0.441964 0.0280083 0.0418956
74 0.786826 0.277129 0.0425311 0.0652473
60 0.546162 0.495192 0.096473 0.126374
56 0.576764 0.441964 0.026971 0.0418956
56 0.440093 0.551511 0.0731328 0.122253
56 0.315871 0.479739 0.0508299 0.0487637
56 0.245332 0.492102 0.0560166 0.0487637
56 0.583247 0.674451 0.0824689 0.200549
60 0.691131 0.75 0.256743 0.302198
56 0.59388 0.492102 0.0705394 0.124313
0 0.059388 0.453297 0.0752075 0.200549
56 0.259855 0.663805 0.129668 0.144918
0 0.658973 0.564904 0.0876556 0.171016
56 0.447873 0.68853 0.0990664 0.224588
56 0.832728 0.779533 0.102178 0.259615
56 0.730031 0.839629 0.170643 0.289148
56 0.42194 0.867445 0.145747 0.254121
56 0.26945 0.813874 0.172718 0.307692
