60 0.548755 0.491415 0.0975104 0.117445
56 0.627593 0.531937 0.0466805 0.0913462
56 0.577023 0.441964 0.0274896 0.0418956
56 0.317427 0.478709 0.0508299 0.0494506
56 0.586618 0.492788 0.0612033 0.129808
56 0.407676 0.553228 0.0580913 0.12706
60 0.690612 0.750343 0.255705 0.301511
56 0.582728 0.676511 0.0824689 0.201923
56 0.637967 0.595467 0.0570539 0.114011
0 0.636929 0.436813 0.063278 0.142857
0 0.662344 0.559753 0.0809129 0.160714
56 0.259855 0.666896 0.129668 0.152473
0 0.466805 0.516827 0.0643154 0.171016
56 0.448133 0.68853 0.0995851 0.224588
56 0.832728 0.778846 0.102178 0.259615
0 0.257002 0.470124 0.0731328 0.0940934
56 0.42194 0.868132 0.145747 0.252747
56 0.728475 0.839286 0.173755 0.289835
56 0.269191 0.814904 0.171162 0.305632
