63 0.576764 0.441964 0.0280083 0.0418956
60 0.546681 0.494505 0.0943983 0.126374
56 0.576764 0.441964 0.026971 0.0418956
56 0.408973 0.553571 0.0554979 0.129121
56 0.58221 0.675137 0.0803942 0.200549
56 0.245073 0.491758 0.0565353 0.0480769
60 0.69139 0.75 0.257261 0.300824
56 0.315871 0.479396 0.0508299 0.0480769
56 0.638485 0.596497 0.0560166 0.114698
56 0.59362 0.492445 0.0700208 0.125
0 0.661566 0.559409 0.0824689 0.162775
0 0.466805 0.51614 0.0643154 0.175137
56 0.448392 0.68853 0.0990664 0.224588
56 0.259855 0.664148 0.130705 0.146978
0 0.0523859 0.500687 0.0995851 0.259615
56 0.831691 0.780563 0.104253 0.261676
56 0.728994 0.839973 0.172718 0.289835
56 0.422977 0.868132 0.143672 0.252747
56 0.26945 0.814217 0.172718 0.307005
