63 0.576764 0.441964 0.0280083 0.0418956
74 0.786566 0.277129 0.0420124 0.0652473
62 0.576504 0.441964 0.0274896 0.0418956
60 0.546681 0.495192 0.0943983 0.125
56 0.576504 0.441964 0.0274896 0.0418956
56 0.640301 0.509615 0.0430498 0.0590659
56 0.315871 0.479396 0.0508299 0.0480769
56 0.58195 0.675481 0.0798755 0.199863
56 0.593361 0.492788 0.0695021 0.125687
56 0.406898 0.552541 0.0523859 0.128434
60 0.690871 0.750343 0.257261 0.301511
56 0.245073 0.491758 0.0565353 0.0480769
56 0.63667 0.594093 0.0523859 0.118132
56 0.448133 0.689217 0.0995851 0.224588
56 0.259595 0.665522 0.130187 0.149725
0 0.669346 0.56044 0.0814315 0.156593
0 0.462396 0.518201 0.0689834 0.168269
56 0.832469 0.77919 0.102697 0.258929
56 0.729512 0.839629 0.172718 0.290522
56 0.422718 0.867788 0.144191 0.253434
56 0.269191 0.81456 0.172199 0.307692
