60 0.49611 0.566621 0.125 0.167582
56 0.453838 0.544643 0.0736515 0.108516
60 0.545902 0.495536 0.0959544 0.128434
56 0.577023 0.441964 0.0274896 0.0418956
74 0.786566 0.277129 0.0420124 0.0652473
56 0.409751 0.554945 0.0591286 0.126374
56 0.245073 0.491758 0.0565353 0.0480769
56 0.315871 0.479739 0.0508299 0.0487637
56 0.583506 0.674794 0.0829876 0.201236
60 0.69139 0.750687 0.257261 0.302198
56 0.592842 0.492445 0.0695021 0.126374
0 0.657936 0.56353 0.0845436 0.171016
56 0.259855 0.663462 0.130705 0.145604
56 0.447873 0.68853 0.0990664 0.224588
56 0.831691 0.780563 0.104253 0.261676
56 0.422199 0.867788 0.145228 0.253434
56 0.729253 0.840316 0.172199 0.289148
56 0.26971 0.814217 0.173237 0.307005
