60 0.546681 0.494505 0.0943983 0.126374
63 0.317946 0.479052 0.0508299 0.0501374
74 0.786307 0.276786 0.0425311 0.0659341
56 0.576764 0.441964 0.0280083 0.0418956
56 0.408195 0.552885 0.0570539 0.127747
62 0.317687 0.478365 0.0503112 0.0501374
56 0.592324 0.492445 0.06639 0.127747
60 0.690612 0.75 0.256743 0.300824
56 0.582469 0.675137 0.0809129 0.200549
56 0.637189 0.596497 0.0554979 0.113324
0 0.633558 0.484203 0.0513485 0.112637
0 0.661048 0.559753 0.0803942 0.157967
56 0.259855 0.668613 0.129668 0.15728
56 0.448133 0.68853 0.0995851 0.224588
0 0.466546 0.515453 0.0637967 0.168269
0 0.256743 0.46978 0.0726141 0.0934066
56 0.831691 0.780563 0.104253 0.261676
56 0.422199 0.867788 0.145228 0.253434
56 0.728994 0.839973 0.173755 0.289835
56 0.26945 0.81456 0.172718 0.306319
