60 0.546681 0.493819 0.0943983 0.126374
74 0.786566 0.277129 0.0420124 0.0652473
56 0.160529 0.53331 0.0866183 0.258929
56 0.576504 0.441964 0.0274896 0.0418956
56 0.408714 0.554602 0.0580913 0.128434
60 0.69139 0.750343 0.257261 0.300137
56 0.582469 0.675481 0.0809129 0.201236
56 0.243517 0.492102 0.0596473 0.0487637
56 0.637967 0.596154 0.0549793 0.114011
56 0.59362 0.492788 0.0700208 0.12706
56 0.260633 0.665522 0.129149 0.145604
0 0.175571 0.530907 0.116701 0.273352
56 0.311981 0.479396 0.0430498 0.0467033
0 0.661826 0.559753 0.0819502 0.163462
0 0.466805 0.516484 0.0643154 0.171703
0 0.367739 0.488324 0.0819502 0.200549
56 0.452023 0.68853 0.0897303 0.223214
56 0.83195 0.78022 0.104772 0.260989
56 0.421681 0.867788 0.146266 0.253434
56 0.728475 0.839973 0.173755 0.289835
56 0.268672 0.812843 0.171162 0.309753
