56 0.429201 0.521635 0.0513485 0.0679945
60 0.692687 0.675481 0.252593 0.144918
56 0.258299 0.559409 0.0840249 0.1875
56 0.639004 0.596497 0.0549793 0.114698
0 0.662863 0.562157 0.0819502 0.161401
56 0.430757 0.586195 0.0803942 0.109203
56 0.317687 0.478022 0.0503112 0.0480769
56 0.251556 0.490041 0.0549793 0.0487637
56 0.452282 0.690247 0.0912863 0.223901
0 0.60166 0.438187 0.0778008 0.145604
56 0.259336 0.665522 0.129668 0.149725
56 0.728216 0.840316 0.174274 0.289148
56 0.831691 0.78022 0.104253 0.260989
56 0.422199 0.868819 0.145228 0.25
0 0.565612 0.706044 0.129149 0.478022
56 0.26971 0.815247 0.172199 0.304945
0 0.138226 0.580014 0.159232 0.330357
