60 0.545384 0.486951 0.0938797 0.10989
60 0.674533 0.691621 0.217324 0.18956
56 0.572873 0.483173 0.0440871 0.116071
56 0.989627 0.977335 0.0207469 0.0398352
63 0.576764 0.441964 0.0280083 0.0418956
67 0.66001 0.672047 0.0254149 0.0336538
56 0.756743 0.634272 0.0404564 0.0679945
56 0.603994 0.797734 0.0783195 0.190247
56 0.258817 0.559409 0.0840249 0.1875
56 0.576764 0.441964 0.026971 0.0418956
56 0.251297 0.490041 0.0544606 0.0487637
56 0.430757 0.587912 0.0793568 0.111264
56 0.317687 0.478022 0.0503112 0.0480769
56 0.60529 0.469093 0.0414938 0.0741758
0 0.59777 0.644918 0.117739 0.293956
56 0.259595 0.664835 0.129149 0.151099
56 0.740145 0.868819 0.188797 0.254121
0 0.674533 0.559066 0.0554979 0.159341
56 0.451504 0.688874 0.0907676 0.222527
0 0.70721 0.739354 0.147822 0.334478
56 0.422718 0.867788 0.144191 0.253434
0 0.806276 0.638736 0.137448 0.276099
56 0.879149 0.821085 0.150415 0.271291
56 0.269191 0.81456 0.172199 0.304945
