60 0.546681 0.475275 0.093361 0.0892857
56 0.606587 0.778503 0.0855809 0.238324
56 0.989627 0.976992 0.0207469 0.0391484
56 0.569243 0.715659 0.0471992 0.149725
56 0.623703 0.571429 0.0254149 0.0741758
62 0.576764 0.441964 0.0280083 0.0418956
56 0.576504 0.441964 0.0274896 0.0418956
56 0.258817 0.558379 0.0819502 0.18544
63 0.576764 0.442308 0.0280083 0.0425824
60 0.688797 0.676511 0.242739 0.178571
56 0.430498 0.587569 0.0798755 0.110577
56 0.605031 0.482143 0.0420124 0.103022
56 0.251556 0.490385 0.0549793 0.0480769
56 0.317687 0.478022 0.0503112 0.0480769
56 0.451504 0.68956 0.091805 0.223901
0 0.583506 0.654533 0.103734 0.285714
56 0.259855 0.665179 0.129668 0.153159
56 0.742479 0.86092 0.196577 0.271291
56 0.860736 0.79739 0.10529 0.269231
0 0.841546 0.667582 0.150934 0.214286
0 0.70695 0.739011 0.149378 0.336538
56 0.423237 0.867102 0.143154 0.253434
0 0.6639 0.563874 0.0778008 0.166209
56 0.26971 0.815247 0.172199 0.304945
