60 0.547199 0.475962 0.0943983 0.092033
56 0.429461 0.53022 0.0518672 0.0851648
56 0.989627 0.976992 0.0207469 0.040522
56 0.606846 0.768544 0.0871369 0.263736
56 0.624481 0.571429 0.0228216 0.0755495
62 0.576504 0.441621 0.0274896 0.0425824
56 0.567946 0.711882 0.0508299 0.15728
56 0.258299 0.558379 0.0819502 0.18544
63 0.576764 0.441964 0.0280083 0.0418956
56 0.576504 0.441964 0.0274896 0.0418956
60 0.689315 0.676854 0.244813 0.176511
56 0.251556 0.490385 0.0549793 0.0480769
56 0.430498 0.585852 0.0809129 0.107143
56 0.605031 0.46875 0.0409751 0.073489
56 0.317687 0.478022 0.0503112 0.0480769
0 0.57028 0.648352 0.135373 0.31044
56 0.860218 0.798077 0.10529 0.270604
56 0.259336 0.664835 0.129668 0.151099
56 0.450985 0.68853 0.091805 0.223214
0 0.843361 0.666896 0.15249 0.214286
0 0.70695 0.740385 0.14834 0.337912
56 0.742739 0.861264 0.193983 0.269231
56 0.422718 0.867445 0.144191 0.254121
0 0.66416 0.563187 0.0772822 0.164835
56 0.269969 0.814904 0.172718 0.304258
