63 0.317687 0.479052 0.0503112 0.0501374
60 0.546681 0.495192 0.093361 0.126374
74 0.786826 0.276786 0.0425311 0.0659341
56 0.577023 0.441964 0.0274896 0.0418956
62 0.317687 0.478022 0.0503112 0.0494506
56 0.317168 0.478709 0.0513485 0.0494506
56 0.408714 0.553228 0.0570539 0.128434
0 0.632521 0.485234 0.0492739 0.111951
56 0.582988 0.676511 0.0819502 0.201923
56 0.591286 0.493819 0.0684647 0.130495
60 0.691131 0.75 0.256743 0.300824
56 0.637189 0.59581 0.0575726 0.113324
0 0.661048 0.558036 0.0814315 0.162775
56 0.260114 0.665865 0.130187 0.149038
0 0.466286 0.515797 0.0643154 0.17033
56 0.447873 0.688187 0.100104 0.223901
0 0.257261 0.470467 0.0726141 0.0934066
56 0.831691 0.779533 0.104253 0.260989
56 0.42194 0.867788 0.145747 0.253434
56 0.728994 0.839973 0.17168 0.289835
56 0.26971 0.81456 0.172199 0.306319
