56 0.324328 0.869471 0.138441 0.237019
56 0.490591 0.58125 0.0483871 0.0894231
56 0.0623656 0.933654 0.108602 0.130769
60 0.192742 0.64351 0.23172 0.202404
0 0.454032 0.602885 0.0564516 0.289423
56 0.545296 0.497837 0.047043 0.0447115
56 0.759946 0.684856 0.0989247 0.208173
56 0.372312 0.58101 0.0591398 0.191827
56 0.562366 0.566346 0.0629032 0.1125
60 0.0732527 0.850962 0.146505 0.215385
56 0.497581 0.49375 0.0397849 0.0384615
56 0.662366 0.780048 0.138172 0.321635
56 0.0766129 0.671154 0.115054 0.175
56 0.732258 0.902163 0.234409 0.188942
56 0.172984 0.867548 0.0943548 0.258173
56 0.265323 0.706731 0.12043 0.299038
0 0.698925 0.522837 0.0865591 0.240865
0 0.133737 0.584615 0.118011 0.270192
56 0.918952 0.859375 0.161559 0.272596
56 0.225806 0.517308 0.0370968 0.0846154
0 0.43871 0.797596 0.194086 0.396154
