60 0.54694 0.477335 0.0938797 0.092033
56 0.544865 0.687157 0.0399378 0.0927198
56 0.518154 0.564904 0.0622407 0.179258
56 0.607365 0.775069 0.0871369 0.239698
56 0.989627 0.977335 0.0207469 0.0398352
62 0.576504 0.441964 0.0274896 0.0418956
56 0.637967 0.59169 0.0477178 0.113324
63 0.576764 0.441964 0.0280083 0.0418956
56 0.576504 0.441621 0.0274896 0.0412088
56 0.258817 0.559753 0.0829876 0.186813
56 0.251556 0.490385 0.0549793 0.0494506
60 0.6875 0.677885 0.243257 0.175824
56 0.429461 0.586195 0.0819502 0.109203
56 0.604772 0.472871 0.0414938 0.084478
56 0.317687 0.478022 0.0503112 0.0480769
56 0.259595 0.667926 0.130187 0.15728
56 0.452023 0.68956 0.0907676 0.223901
0 0.581172 0.645261 0.107365 0.300137
56 0.860218 0.79739 0.106328 0.269231
0 0.841546 0.666896 0.150934 0.212912
56 0.743257 0.85989 0.19917 0.273352
56 0.421681 0.868132 0.146266 0.252747
0 0.70695 0.739011 0.149378 0.336538
0 0.664678 0.5625 0.0762448 0.163462
56 0.268932 0.815591 0.17168 0.304258
