60 0.709803 0.722871 0.25778 0.238324
60 0.478216 0.552885 0.093361 0.138736
56 0.638745 0.509959 0.0420124 0.0556319
56 0.606328 0.777816 0.0840249 0.250687
56 0.258558 0.559066 0.0824689 0.186813
56 0.611255 0.488324 0.0337137 0.112637
56 0.251556 0.490041 0.0549793 0.0487637
56 0.432313 0.551168 0.0824689 0.125687
56 0.317687 0.478022 0.0503112 0.0480769
56 0.821058 0.735234 0.126556 0.171016
56 0.259855 0.666209 0.129668 0.153846
0 0.657936 0.558379 0.061722 0.156593
56 0.638226 0.594437 0.0534232 0.120192
56 0.581691 0.67342 0.0803942 0.197115
0 0.55861 0.566621 0.0892116 0.333791
0 0.445539 0.79739 0.217842 0.394231
56 0.782158 0.864011 0.202282 0.263736
0 0.725622 0.731113 0.19917 0.48283
56 0.269191 0.815247 0.172199 0.309066
