60 0.547459 0.492788 0.094917 0.121566
56 0.706691 0.560096 0.0596473 0.106456
56 0.626815 0.521978 0.0440871 0.0714286
56 0.576764 0.441964 0.0280083 0.0418956
74 0.786566 0.277129 0.0420124 0.0652473
56 0.58195 0.675481 0.0798755 0.201236
60 0.691131 0.750343 0.256743 0.301511
56 0.317427 0.480769 0.0508299 0.0535714
56 0.410529 0.546016 0.0482365 0.120879
56 0.637448 0.594437 0.0560166 0.114698
56 0.591027 0.492788 0.0710581 0.128434
0 0.662863 0.559753 0.0788382 0.160714
0 0.250519 0.476305 0.0923237 0.153159
56 0.259855 0.663805 0.129668 0.149038
0 0.45695 0.509959 0.0892116 0.194368
56 0.448133 0.68853 0.0995851 0.224588
56 0.728994 0.840316 0.172718 0.289148
56 0.832728 0.77919 0.102178 0.258929
0 0.654824 0.442995 0.10529 0.142857
56 0.422977 0.867788 0.143672 0.25206
56 0.269969 0.81456 0.172718 0.306319
