60 0.546421 0.494162 0.0938797 0.124313
0 0.632002 0.494505 0.0503112 0.123626
56 0.642116 0.445742 0.0248963 0.032967
74 0.786566 0.277129 0.0420124 0.0652473
56 0.576764 0.441964 0.026971 0.0418956
56 0.407936 0.552541 0.0575726 0.12706
62 0.317427 0.478709 0.0508299 0.0494506
60 0.690871 0.749657 0.257261 0.300137
56 0.637189 0.59581 0.0565353 0.113324
56 0.592064 0.492102 0.0669087 0.12706
56 0.58195 0.675137 0.0798755 0.200549
0 0.661048 0.558036 0.0814315 0.162775
0 0.466805 0.515797 0.0643154 0.17033
56 0.450467 0.68956 0.094917 0.223901
56 0.259855 0.666896 0.129668 0.152473
0 0.257521 0.470467 0.0731328 0.0934066
56 0.832469 0.779533 0.102697 0.259615
56 0.729772 0.839629 0.171162 0.290522
56 0.422718 0.867788 0.144191 0.253434
56 0.26945 0.81456 0.17168 0.304945
