67 0.659232 0.67033 0.0228216 0.0343407
60 0.692427 0.693338 0.255187 0.209478
74 0.786566 0.276786 0.0420124 0.0659341
56 0.578319 0.444025 0.0228216 0.0460165
56 0.258558 0.558379 0.0835062 0.18544
56 0.829616 0.768544 0.117739 0.18544
56 0.251556 0.490385 0.0549793 0.0480769
56 0.591805 0.68853 0.0715768 0.261676
56 0.430498 0.586882 0.0798755 0.109203
56 0.317687 0.478365 0.0492739 0.0487637
56 0.598029 0.489354 0.0560166 0.118819
56 0.636411 0.59375 0.0580913 0.114698
56 0.259595 0.667926 0.129149 0.158654
56 0.450985 0.689904 0.0928423 0.224588
0 0.704616 0.740728 0.145747 0.345467
0 0.664678 0.558379 0.0762448 0.157967
56 0.743517 0.859547 0.196577 0.274038
56 0.422977 0.868132 0.143672 0.251374
0 0.532936 0.626717 0.10529 0.39217
0 0.940612 0.679258 0.118776 0.449176
56 0.269191 0.81456 0.172199 0.304945
