60 0.547718 0.477335 0.0975104 0.0879121
56 0.545643 0.684753 0.0404564 0.0975275
56 0.567946 0.714629 0.0497925 0.151786
74 0.786826 0.277129 0.0425311 0.0652473
56 0.989627 0.977679 0.0207469 0.0391484
62 0.576504 0.441621 0.0274896 0.0425824
56 0.576504 0.441964 0.0274896 0.0418956
63 0.576764 0.441964 0.0280083 0.0432692
56 0.636411 0.59169 0.0497925 0.113324
56 0.258558 0.559409 0.0835062 0.1875
56 0.60529 0.471154 0.0404564 0.0796703
60 0.688537 0.677198 0.243257 0.181319
56 0.251556 0.490041 0.0549793 0.0487637
56 0.429461 0.589286 0.0829876 0.115385
56 0.317946 0.478022 0.0497925 0.0480769
56 0.452023 0.689904 0.0907676 0.224588
0 0.584803 0.649725 0.0990664 0.298077
56 0.259595 0.664492 0.129149 0.150412
0 0.840508 0.667926 0.147822 0.213599
56 0.741961 0.860234 0.197614 0.272665
56 0.860477 0.79739 0.105809 0.269231
0 0.706432 0.740385 0.150415 0.335165
56 0.422718 0.867445 0.144191 0.254121
0 0.66416 0.563187 0.0772822 0.164835
56 0.26971 0.814904 0.172199 0.304258
