74 0.786566 0.277129 0.0420124 0.0652473
56 0.989627 0.977335 0.0207469 0.0398352
56 0.603216 0.807005 0.0819502 0.175824
60 0.692687 0.678915 0.245332 0.164148
56 0.258817 0.559753 0.0840249 0.188187
56 0.576504 0.442308 0.0274896 0.0425824
27 0.635633 0.59169 0.0264523 0.12294
56 0.606846 0.450549 0.0373444 0.0384615
56 0.431017 0.587912 0.0809129 0.111264
56 0.251556 0.490041 0.0549793 0.0487637
56 0.317687 0.478022 0.0503112 0.0480769
0 0.872147 0.672047 0.149896 0.205357
0 0.673755 0.56044 0.0612033 0.159341
56 0.259855 0.666896 0.129668 0.153846
56 0.740923 0.861607 0.192427 0.271291
0 0.725104 0.759959 0.169087 0.307005
56 0.451245 0.68853 0.0923237 0.223214
0 0.599326 0.62706 0.14056 0.366758
56 0.423237 0.868132 0.143154 0.252747
56 0.876815 0.820742 0.146784 0.271978
56 0.269969 0.815591 0.172718 0.304258
