60 0.739108 0.537431 0.173237 0.124313
0 0.577282 0.424794 0.0290456 0.0831044
72 0.145228 0.442308 0.151452 0.326923
60 0.690093 0.75103 0.258817 0.305632
56 0.639782 0.513049 0.0461618 0.0645604
74 0.786566 0.277129 0.0420124 0.0652473
56 0.723029 0.5625 0.0923237 0.108516
56 0.6486 0.595124 0.0741701 0.116071
0 0.226141 0.631868 0.190871 0.348901
56 0.43361 0.572115 0.0871369 0.0934066
56 0.576504 0.655563 0.0814315 0.188874
56 0.317687 0.478365 0.0503112 0.0487637
0 0.591805 0.468063 0.0684647 0.17239
56 0.229512 0.853365 0.212137 0.28228
56 0.731328 0.850962 0.18361 0.289835
56 0.844917 0.800481 0.13278 0.276786
0 0.385373 0.510989 0.0809129 0.18956
56 0.422458 0.868132 0.14471 0.254121
56 0.450467 0.688187 0.0928423 0.221154
