60 0.738849 0.54636 0.172718 0.143544
56 0.539938 0.518201 0.0414938 0.100962
63 0.567946 0.43853 0.0134855 0.0350275
56 0.644969 0.515453 0.0554979 0.0666209
56 0.469658 0.556319 0.0243776 0.0645604
56 0.259595 0.56044 0.0845436 0.190934
60 0.689834 0.75206 0.258299 0.306319
56 0.650156 0.59478 0.0752075 0.114011
56 0.72277 0.562843 0.0938797 0.109203
0 0.585322 0.473901 0.0544606 0.141484
56 0.594139 0.489698 0.0606846 0.120879
56 0.317687 0.478365 0.0503112 0.0473901
56 0.251556 0.490385 0.0549793 0.0480769
0 0.265301 0.708791 0.17583 0.284341
56 0.575207 0.655907 0.0788382 0.18956
56 0.45695 0.689217 0.0798755 0.224588
56 0.252075 0.81456 0.185685 0.304945
0 0.426867 0.570055 0.0767635 0.188187
56 0.844139 0.800824 0.134336 0.277473
56 0.730031 0.850618 0.183091 0.289148
56 0.421162 0.865041 0.146266 0.258929
