74 0.786566 0.277129 0.0420124 0.0666209
56 0.429201 0.517514 0.0503112 0.0583791
56 0.606846 0.489011 0.0311203 0.114011
60 0.690093 0.75103 0.259855 0.305632
56 0.720436 0.562157 0.0954357 0.109203
56 0.575985 0.653846 0.0793568 0.192308
56 0.645228 0.59478 0.0726141 0.118132
56 0.259855 0.562157 0.0850622 0.191621
56 0.251556 0.490385 0.0549793 0.0480769
56 0.430757 0.585852 0.0803942 0.108516
0 0.635373 0.473901 0.0767635 0.18956
56 0.261929 0.661401 0.125519 0.144231
56 0.317687 0.478022 0.0503112 0.0480769
56 0.286826 0.847527 0.140042 0.240385
56 0.448911 0.688187 0.0969917 0.223901
56 0.844139 0.800481 0.135373 0.276786
56 0.731068 0.851305 0.183091 0.287775
56 0.422977 0.867445 0.143672 0.251374
0 0.552645 0.54533 0.094917 0.306319
0 0.157158 0.739698 0.212656 0.506868
