56 0.256483 0.555975 0.0803942 0.182005
56 0.446317 0.655907 0.0762448 0.157967
60 0.546421 0.487637 0.0969917 0.111264
56 0.429201 0.519918 0.0503112 0.0645604
60 0.71888 0.754464 0.241701 0.309753
56 0.576764 0.442308 0.026971 0.0425824
74 0.786566 0.277129 0.0420124 0.0652473
56 0.430757 0.587225 0.0835062 0.111264
56 0.598807 0.488324 0.0534232 0.116758
56 0.317687 0.478365 0.0503112 0.0487637
56 0.251556 0.490385 0.0539419 0.0480769
0 0.831691 0.565247 0.116701 0.311813
56 0.646525 0.591003 0.0938797 0.136676
0 0.687759 0.513736 0.129668 0.200549
56 0.259855 0.666552 0.129668 0.154533
56 0.732884 0.851305 0.188797 0.289148
56 0.846214 0.800137 0.128112 0.278846
56 0.422458 0.867788 0.145747 0.253434
0 0.534492 0.742102 0.136411 0.504808
56 0.26945 0.815247 0.172718 0.306319
