74 0.786566 0.277129 0.0420124 0.0652473
56 0.640041 0.512706 0.0435685 0.0625
60 0.689575 0.75103 0.25778 0.304258
62 0.572614 0.440247 0.0228216 0.0412088
56 0.458247 0.560096 0.0223029 0.0473901
56 0.72251 0.5625 0.093361 0.108516
63 0.572614 0.439904 0.0228216 0.0377747
56 0.251556 0.490041 0.0549793 0.0487637
56 0.260892 0.56353 0.0840249 0.192995
56 0.6486 0.595124 0.0731328 0.116071
56 0.317687 0.478022 0.0503112 0.0480769
0 0.586878 0.472527 0.0679461 0.149725
0 0.252075 0.711538 0.208506 0.278846
56 0.575207 0.655563 0.0788382 0.188874
56 0.254927 0.82761 0.197614 0.28022
56 0.456172 0.689904 0.0814315 0.223214
56 0.729772 0.850275 0.181535 0.289835
56 0.842324 0.800481 0.137967 0.278159
0 0.416494 0.571085 0.0705394 0.195742
56 0.422458 0.866415 0.14471 0.257555
