60 0.543309 0.491071 0.101141 0.115385
60 0.678942 0.695398 0.232365 0.254808
56 0.989627 0.976648 0.0207469 0.0398352
56 0.61722 0.590316 0.0342324 0.117445
74 0.786566 0.277129 0.0420124 0.0652473
56 0.585581 0.611607 0.030083 0.120192
56 0.508299 0.471154 0.0228216 0.0521978
56 0.587915 0.74794 0.0534232 0.167582
56 0.642635 0.509272 0.0466805 0.0528846
27 0.710581 0.579327 0.0425311 0.0776099
56 0.259336 0.560096 0.0850622 0.1875
56 0.576764 0.441621 0.026971 0.0412088
56 0.251297 0.490041 0.0544606 0.0487637
56 0.431276 0.589286 0.0824689 0.114011
56 0.317687 0.478022 0.0503112 0.0480769
56 0.60529 0.489011 0.0456432 0.116758
56 0.448911 0.690247 0.0959544 0.225275
56 0.759855 0.864698 0.175311 0.26511
56 0.885114 0.823489 0.158195 0.271978
0 0.686722 0.538118 0.112033 0.14217
56 0.259595 0.665522 0.129149 0.152473
0 0.837656 0.579327 0.147303 0.286401
56 0.422977 0.866758 0.143672 0.251374
0 0.533454 0.625343 0.101141 0.397665
0 0.733402 0.763393 0.293568 0.458104
56 0.269969 0.815591 0.172718 0.305632
