60 0.547199 0.476992 0.0943983 0.0927198
56 0.429201 0.519574 0.0503112 0.0625
60 0.682573 0.676168 0.224066 0.162775
56 0.989627 0.977679 0.0207469 0.0391484
62 0.576764 0.441964 0.0280083 0.0418956
56 0.604772 0.81044 0.0840249 0.168956
63 0.576764 0.442308 0.0280083 0.0425824
56 0.576504 0.441964 0.0274896 0.0418956
56 0.635114 0.592033 0.0471992 0.112637
56 0.258558 0.559409 0.0845436 0.1875
56 0.553423 0.683379 0.0560166 0.105769
56 0.605809 0.483516 0.0414938 0.105769
56 0.251297 0.490041 0.0544606 0.0487637
56 0.431535 0.586882 0.0778008 0.109203
56 0.317687 0.478022 0.0503112 0.0480769
0 0.721214 0.742445 0.145747 0.335165
0 0.586618 0.654876 0.0943983 0.311126
56 0.259595 0.664492 0.129149 0.150412
56 0.451763 0.68853 0.0912863 0.221841
0 0.84751 0.663462 0.145228 0.207418
56 0.859181 0.798077 0.106328 0.267857
56 0.422977 0.867445 0.143672 0.254121
56 0.741701 0.858516 0.197095 0.273352
0 0.665197 0.56353 0.0803942 0.165522
56 0.26971 0.815247 0.172199 0.303571
