60 0.54694 0.491758 0.0938797 0.123626
56 0.257002 0.557349 0.0814315 0.184753
56 0.989627 0.977335 0.0207469 0.0398352
63 0.576764 0.441964 0.0280083 0.0418956
62 0.576504 0.441621 0.0274896 0.0425824
56 0.576504 0.441964 0.0274896 0.0418956
60 0.691131 0.682005 0.250519 0.167582
56 0.603994 0.483173 0.0430498 0.105082
56 0.603475 0.81456 0.0814315 0.160714
56 0.430239 0.586538 0.0814315 0.10989
56 0.251556 0.490385 0.0549793 0.0480769
56 0.317687 0.478022 0.0503112 0.0480769
0 0.680757 0.558379 0.0575726 0.15522
0 0.873703 0.671703 0.147822 0.201923
56 0.259855 0.665865 0.129668 0.151786
56 0.554979 0.645261 0.0580913 0.183379
56 0.451504 0.68853 0.0907676 0.223214
56 0.74222 0.85989 0.193983 0.274725
0 0.729253 0.755838 0.16805 0.301511
0 0.608143 0.652816 0.133299 0.319368
56 0.422718 0.868819 0.144191 0.251374
56 0.876556 0.820398 0.147303 0.274038
56 0.269969 0.815247 0.172718 0.304945
