60 0.739108 0.543269 0.172199 0.134615
62 0.572873 0.439904 0.0223029 0.040522
56 0.469658 0.56044 0.0212656 0.0521978
74 0.786826 0.277129 0.0425311 0.0652473
56 0.640819 0.51408 0.0461618 0.0652473
60 0.689834 0.750687 0.257261 0.304945
56 0.251556 0.490041 0.0549793 0.0487637
63 0.572873 0.439904 0.0233402 0.0377747
56 0.723288 0.56147 0.091805 0.106456
56 0.6486 0.595467 0.0731328 0.115385
56 0.260892 0.564217 0.0840249 0.194368
0 0.586878 0.472527 0.0679461 0.149725
0 0.250519 0.711195 0.210581 0.275412
56 0.317427 0.478365 0.0497925 0.0473901
56 0.575985 0.655563 0.0793568 0.188874
56 0.255446 0.828297 0.199689 0.278846
0 0.425311 0.567651 0.0850622 0.186126
56 0.455135 0.689217 0.0845436 0.224588
56 0.730031 0.850618 0.181017 0.289148
56 0.845695 0.800824 0.131224 0.277473
56 0.422458 0.867788 0.143672 0.254808
