60 0.182573 0.512019 0.200207 0.166896
63 0.600104 0.37397 0.0477178 0.0570055
56 0.520228 0.489011 0.0435685 0.0631868
60 0.457469 0.417926 0.0695021 0.0858516
60 0.755705 0.557349 0.182573 0.246566
73 0.612811 0.916896 0.0503112 0.0508242
56 0.632521 0.365385 0.0295643 0.0631868
60 0.488589 0.662088 0.352697 0.122253
56 0.492739 0.459478 0.0477178 0.115385
56 0.335322 0.336195 0.0482365 0.0460165
56 0.00959544 0.437843 0.0191909 0.0748626
56 0.420384 0.556319 0.0990664 0.0989011
56 0.0542012 0.54842 0.108402 0.173764
56 0.309907 0.518544 0.10944 0.201923
0 0.549533 0.512019 0.104253 0.190247
0 0.428423 0.390797 0.0736515 0.157967
56 0.641857 0.432349 0.0700208 0.164148
56 0.125519 0.487637 0.116183 0.159341
0 0.251297 0.323489 0.102178 0.0796703
56 0.400934 0.441277 0.0612033 0.146291
56 0.255446 0.620879 0.115664 0.222527
56 0.691649 0.568681 0.10529 0.200549
56 0.431017 0.85989 0.1639 0.263736
0 0.55472 0.372253 0.0876556 0.193681
56 0.102438 0.718407 0.204876 0.285714
56 0.59388 0.857143 0.175311 0.240385
