60 0.276452 0.390453 0.16805 0.0940934
60 0.756224 0.557005 0.182573 0.247253
60 0.183351 0.513736 0.199689 0.168956
56 0.626815 0.369849 0.0420124 0.0721154
73 0.613071 0.916896 0.0497925 0.0508242
60 0.489108 0.664835 0.352697 0.126374
56 0.336618 0.377747 0.0518672 0.127747
56 0.00985477 0.4375 0.0197095 0.0741758
56 0.060166 0.549107 0.120332 0.17239
56 0.265819 0.333448 0.0503112 0.0432692
56 0.641598 0.429945 0.0705394 0.159341
56 0.311722 0.516827 0.106846 0.205357
56 0.508817 0.418269 0.0549793 0.092033
56 0.419346 0.556319 0.0969917 0.0989011
0 0.545124 0.510646 0.105809 0.192995
56 0.126297 0.487981 0.117739 0.160027
56 0.256224 0.616415 0.115145 0.216346
56 0.404305 0.439904 0.0689834 0.146291
56 0.693205 0.569368 0.107365 0.197802
56 0.430757 0.857143 0.164419 0.271978
56 0.594658 0.857143 0.173755 0.239011
56 0.103475 0.719437 0.205913 0.285027
