60 0.458766 0.446429 0.0710581 0.141484
27 0.307313 0.333791 0.0171162 0.0563187
60 0.755705 0.557005 0.182573 0.247253
60 0.183091 0.511676 0.197095 0.15522
73 0.612552 0.917239 0.0508299 0.051511
56 0.339471 0.336538 0.0409751 0.0467033
56 0.627334 0.369162 0.0409751 0.0707418
60 0.488071 0.664835 0.35166 0.123626
56 0.00985477 0.438187 0.0197095 0.0755495
56 0.0539419 0.54842 0.107884 0.17239
56 0.502593 0.444712 0.0684647 0.144918
56 0.641598 0.430975 0.0705394 0.160027
0 0.549793 0.511332 0.104772 0.192995
56 0.419087 0.556319 0.096473 0.100275
56 0.304201 0.515797 0.122925 0.20467
0 0.300311 0.348901 0.0819502 0.214286
0 0.428423 0.388049 0.0726141 0.148352
56 0.12111 0.487294 0.106328 0.160027
56 0.257261 0.604396 0.112033 0.195055
56 0.400415 0.4375 0.0622407 0.142857
56 0.430498 0.858173 0.162863 0.268544
56 0.692427 0.569368 0.105809 0.200549
0 0.183091 0.340316 0.108921 0.235577
56 0.102438 0.719093 0.204876 0.284341
56 0.594139 0.857486 0.173755 0.238324
