60 0.182832 0.512019 0.198651 0.166896
60 0.458766 0.450549 0.0710581 0.146978
73 0.612552 0.916896 0.0508299 0.0521978
60 0.756483 0.556662 0.182054 0.246566
56 0.337915 0.336538 0.0492739 0.0467033
60 0.488589 0.665865 0.350622 0.124313
56 0.0534232 0.548077 0.106846 0.17033
56 0.00985477 0.438187 0.0197095 0.0769231
56 0.616183 0.503434 0.06639 0.192308
56 0.507521 0.42239 0.0575726 0.0989011
0 0.428683 0.401442 0.0731328 0.177885
0 0.549274 0.510646 0.103734 0.192995
56 0.419865 0.555975 0.098029 0.0995879
56 0.314834 0.514766 0.100622 0.206731
56 0.126815 0.487637 0.118776 0.159341
56 0.258039 0.604396 0.110477 0.190934
56 0.400415 0.440934 0.0622407 0.146978
0 0.272562 0.312157 0.0689834 0.0885989
0 0.64834 0.381868 0.0923237 0.218407
56 0.693205 0.572802 0.107365 0.190934
56 0.430239 0.858516 0.162344 0.267857
56 0.102438 0.717376 0.204876 0.287775
56 0.594139 0.858173 0.174793 0.236951
