60 0.276452 0.389766 0.167012 0.095467
56 0.634855 0.521635 0.0580913 0.155907
60 0.183091 0.510646 0.200207 0.162775
60 0.755965 0.557005 0.183091 0.247253
56 0.627075 0.369849 0.0404564 0.0721154
73 0.612811 0.916552 0.0503112 0.051511
56 0.336359 0.378777 0.0513485 0.129808
56 0.00985477 0.4375 0.0197095 0.0741758
56 0.0583506 0.549451 0.116701 0.173077
60 0.489886 0.664492 0.352178 0.124313
56 0.315353 0.51717 0.0985477 0.203297
56 0.507261 0.444025 0.0612033 0.143544
56 0.266079 0.333104 0.0497925 0.043956
56 0.642116 0.431319 0.0695021 0.162088
0 0.543828 0.512363 0.106328 0.190934
56 0.125 0.488668 0.114108 0.160027
56 0.418568 0.556319 0.096473 0.0989011
56 0.256483 0.613668 0.113589 0.208104
56 0.403527 0.440247 0.0684647 0.146978
56 0.693205 0.569712 0.107365 0.195742
56 0.431276 0.858516 0.164419 0.267857
56 0.102438 0.71772 0.204876 0.287088
56 0.595695 0.857143 0.170643 0.239011
