60 0.182573 0.516484 0.202282 0.178571
60 0.459803 0.448832 0.0731328 0.144918
56 0.635114 0.521978 0.0596473 0.159341
60 0.755965 0.557005 0.182054 0.247253
56 0.623444 0.371566 0.0497925 0.0769231
56 0.3361 0.378777 0.0518672 0.129808
60 0.48833 0.666209 0.351141 0.126374
56 0.00985477 0.438187 0.0197095 0.0755495
56 0.266857 0.333448 0.0482365 0.0432692
73 0.613071 0.917239 0.0518672 0.0528846
56 0.0557573 0.549451 0.111515 0.173077
0 0.549533 0.511332 0.10529 0.192995
56 0.641598 0.430975 0.0705394 0.161401
56 0.419346 0.556319 0.0969917 0.100275
56 0.304979 0.515797 0.120332 0.207418
56 0.508558 0.42136 0.0554979 0.0968407
0 0.428423 0.391827 0.0746888 0.164148
56 0.127075 0.488668 0.118257 0.160027
56 0.255705 0.616415 0.115145 0.214973
56 0.400934 0.440934 0.060166 0.145604
56 0.693205 0.570398 0.107365 0.197115
0 0.123703 0.298077 0.0783195 0.23489
56 0.431017 0.85886 0.1639 0.26717
56 0.101919 0.715659 0.202801 0.291209
56 0.594398 0.857486 0.173237 0.238324
