60 0.581691 0.385989 0.0855809 0.081044
60 0.458506 0.449519 0.0684647 0.147665
60 0.276193 0.389423 0.167531 0.0989011
56 0.329616 0.383585 0.0658714 0.14217
60 0.183351 0.51511 0.199689 0.171703
56 0.508558 0.507898 0.0223029 0.0528846
56 0.634855 0.522665 0.0591286 0.157967
60 0.755705 0.556662 0.182573 0.246566
73 0.612552 0.916896 0.0508299 0.0521978
56 0.627593 0.368819 0.0394191 0.0700549
56 0.335322 0.336195 0.0482365 0.0460165
56 0.00985477 0.437157 0.0197095 0.0776099
60 0.489367 0.663462 0.351141 0.120879
56 0.0554979 0.549107 0.110996 0.173764
56 0.502593 0.448489 0.0695021 0.151099
0 0.427905 0.418269 0.0798755 0.203297
56 0.265819 0.333104 0.0503112 0.043956
56 0.641857 0.432349 0.0700208 0.164148
0 0.553683 0.592376 0.10944 0.324863
56 0.314834 0.51614 0.0985477 0.206731
56 0.419865 0.555975 0.098029 0.0995879
56 0.125778 0.487637 0.116701 0.159341
56 0.256483 0.60989 0.113589 0.199176
56 0.393154 0.440934 0.0684647 0.156593
56 0.692427 0.569025 0.106846 0.20261
56 0.430498 0.855426 0.162863 0.274038
56 0.103216 0.719093 0.206432 0.284341
56 0.594917 0.858516 0.172199 0.236264
