60 0.183351 0.512019 0.200726 0.166896
60 0.755965 0.557005 0.183091 0.247253
56 0.626556 0.369162 0.0414938 0.0707418
73 0.612552 0.917239 0.0508299 0.051511
56 0.303942 0.535027 0.119295 0.164835
60 0.489367 0.663462 0.351141 0.122253
56 0.00985477 0.437157 0.0197095 0.0762363
56 0.508299 0.420673 0.0560166 0.095467
56 0.0552386 0.548764 0.110477 0.171703
56 0.641598 0.429258 0.0695021 0.157967
56 0.419087 0.555975 0.096473 0.0995879
0 0.545902 0.512019 0.108402 0.191621
56 0.265819 0.333104 0.0503112 0.043956
56 0.126556 0.487981 0.118257 0.158654
56 0.256743 0.609203 0.113071 0.195055
56 0.400674 0.440247 0.0669087 0.146978
0 0.331691 0.402473 0.0855809 0.255495
56 0.692946 0.569712 0.106846 0.206731
56 0.430757 0.856113 0.163382 0.274038
56 0.102956 0.716003 0.205913 0.290522
56 0.594398 0.857486 0.174274 0.238324
