60 0.4611 0.450206 0.0778008 0.150412
60 0.275934 0.390453 0.167012 0.0913462
60 0.755705 0.557005 0.18361 0.247253
73 0.612033 0.916552 0.0497925 0.0501374
60 0.183869 0.514423 0.198651 0.171703
56 0.624222 0.373626 0.0492739 0.0796703
56 0.336359 0.378434 0.0513485 0.129121
56 0.00985477 0.437843 0.0197095 0.073489
60 0.489886 0.662775 0.351141 0.119505
56 0.503112 0.448832 0.0684647 0.154533
56 0.641598 0.428915 0.0715768 0.155907
56 0.0549793 0.549107 0.109959 0.17239
56 0.266079 0.333104 0.0497925 0.043956
56 0.314834 0.515453 0.10166 0.208104
56 0.419346 0.556319 0.0969917 0.0989011
0 0.545384 0.510989 0.110477 0.193681
56 0.126815 0.487637 0.118776 0.159341
56 0.25778 0.603709 0.110996 0.18956
56 0.403786 0.439904 0.0679461 0.146291
56 0.692427 0.568681 0.105809 0.203297
56 0.430757 0.853709 0.163382 0.278846
56 0.106328 0.716003 0.211618 0.290522
56 0.59388 0.856113 0.175311 0.242445
