60 0.182573 0.513049 0.198133 0.168956
60 0.458766 0.448489 0.0710581 0.145604
56 0.645747 0.513393 0.104772 0.176511
73 0.612552 0.917239 0.0508299 0.051511
60 0.756224 0.556662 0.182573 0.24794
56 0.337915 0.336538 0.0492739 0.0467033
60 0.488071 0.665522 0.350622 0.125
56 0.00985477 0.437843 0.0197095 0.0748626
0 0.633299 0.425137 0.0860996 0.145604
56 0.0531639 0.54842 0.106328 0.17239
56 0.502593 0.445398 0.0695021 0.146291
0 0.428942 0.396978 0.0726141 0.167582
56 0.311981 0.51511 0.106328 0.206044
0 0.55083 0.513736 0.102697 0.188187
56 0.419346 0.556662 0.0969917 0.0995879
56 0.124481 0.487637 0.113071 0.159341
56 0.400674 0.440591 0.0637967 0.146291
56 0.256224 0.614011 0.115145 0.208791
0 0.272562 0.3125 0.0689834 0.0879121
56 0.430498 0.856799 0.1639 0.272665
56 0.692687 0.569712 0.106328 0.201236
56 0.101919 0.716003 0.202801 0.291896
56 0.594917 0.857486 0.173237 0.238324
