60 0.175311 0.510989 0.184647 0.163462
56 0.634595 0.519918 0.0503112 0.163462
56 0.50778 0.506868 0.0197095 0.0494506
56 0.627334 0.369162 0.0409751 0.0721154
56 0.250519 0.608173 0.106846 0.243819
56 0.00985477 0.438187 0.0197095 0.0755495
56 0.641338 0.424794 0.0720954 0.147665
56 0.272822 0.333104 0.0466805 0.043956
56 0.0604253 0.548764 0.120851 0.173077
56 0.394191 0.399382 0.0591286 0.0693681
56 0.427127 0.538805 0.0886929 0.125687
60 0.489627 0.654876 0.355809 0.106456
0 0.551608 0.514423 0.10529 0.186813
56 0.58195 0.853365 0.1639 0.28228
56 0.504927 0.428915 0.064834 0.113324
56 0.126556 0.487981 0.118257 0.160027
0 0.344658 0.509959 0.179979 0.388049
56 0.692168 0.5625 0.106328 0.195055
56 0.1014 0.717376 0.201763 0.287775
0 0.409232 0.682005 0.141079 0.289835
56 0.414419 0.860577 0.174274 0.271978
0 0.785529 0.738668 0.322095 0.508929
