60 0.582988 0.389423 0.0860996 0.0879121
60 0.285788 0.387706 0.162863 0.118819
60 0.182832 0.511676 0.200726 0.167582
60 0.574948 0.653159 0.178942 0.118132
56 0.507261 0.507555 0.0197095 0.0521978
60 0.755705 0.557005 0.18361 0.245879
56 0.634855 0.506525 0.0529046 0.186126
56 0.621629 0.370536 0.0513485 0.0762363
56 0.338174 0.336538 0.0487552 0.0467033
73 0.612811 0.917239 0.0513485 0.051511
56 0.481068 0.564217 0.0274896 0.0748626
56 0.641857 0.416552 0.0700208 0.129808
56 0.00985477 0.4375 0.0197095 0.0755495
56 0.0518672 0.548764 0.103734 0.173077
56 0.273081 0.333104 0.0471992 0.0425824
0 0.551608 0.51511 0.104253 0.184066
56 0.301608 0.515797 0.120851 0.212912
56 0.255705 0.602679 0.112033 0.1875
56 0.126297 0.487637 0.117739 0.159341
0 0.453838 0.416896 0.0923237 0.258242
56 0.389263 0.447802 0.0544606 0.171703
56 0.512967 0.426168 0.0477178 0.105082
56 0.6014 0.850962 0.158195 0.225275
56 0.691649 0.567308 0.10529 0.200549
56 0.101919 0.71875 0.202801 0.286401
56 0.422199 0.901099 0.205394 0.192308
0 0.389523 0.692308 0.21473 0.512363
