56 0.620073 0.493475 0.0565353 0.131181
60 0.458506 0.448489 0.0705394 0.145604
60 0.182313 0.510646 0.198651 0.164148
73 0.612811 0.916896 0.0503112 0.0508242
60 0.755446 0.557005 0.184129 0.247253
56 0.655083 0.394231 0.0435685 0.0879121
56 0.337656 0.336538 0.0487552 0.0467033
56 0.00985477 0.437843 0.0197095 0.0776099
60 0.488589 0.665179 0.350622 0.124313
56 0.0567946 0.549107 0.113589 0.17239
56 0.3125 0.515453 0.10529 0.205357
0 0.633299 0.423764 0.0860996 0.138736
56 0.502853 0.445055 0.0679461 0.145604
0 0.550052 0.510302 0.103216 0.196429
56 0.419606 0.556319 0.0985477 0.100275
0 0.428942 0.38908 0.0736515 0.153159
56 0.126556 0.487637 0.11722 0.159341
56 0.256743 0.612637 0.116183 0.210165
56 0.399896 0.440591 0.0622407 0.146291
0 0.272562 0.313187 0.0689834 0.0879121
56 0.692168 0.569712 0.106328 0.20261
56 0.430498 0.857486 0.1639 0.269918
56 0.101919 0.71772 0.203838 0.287088
56 0.595436 0.857486 0.172199 0.238324
