56 0.507521 0.50206 0.0191909 0.0453297
60 0.755446 0.557349 0.183091 0.246566
73 0.612811 0.916896 0.0513485 0.0508242
60 0.488589 0.662088 0.350622 0.119505
56 0.0529046 0.547047 0.105809 0.169643
56 0.00959544 0.435783 0.0191909 0.0721154
56 0.421421 0.556662 0.0938797 0.0995879
56 0.502853 0.445055 0.0700208 0.145604
56 0.64056 0.431319 0.0715768 0.178571
0 0.550571 0.515453 0.106328 0.186126
56 0.273081 0.333104 0.0471992 0.0425824
56 0.114886 0.486951 0.094917 0.159341
56 0.396006 0.434409 0.0679461 0.143544
56 0.338434 0.335852 0.0492739 0.0453297
56 0.431276 0.854052 0.164419 0.279533
0 0.59362 0.378091 0.0928423 0.23283
56 0.691909 0.567651 0.105809 0.20261
0 0.105809 0.342376 0.157676 0.225962
56 0.595436 0.85783 0.171162 0.237637
56 0.10166 0.716003 0.20332 0.289148
0 0.313278 0.614698 0.16805 0.491758
