60 0.582728 0.388393 0.0855809 0.0858516
60 0.287085 0.389766 0.164419 0.113324
60 0.183351 0.511332 0.199689 0.169643
56 0.634336 0.508585 0.0508299 0.176511
56 0.392894 0.400412 0.061722 0.0728022
60 0.755705 0.557692 0.182573 0.245879
56 0.621629 0.369162 0.0503112 0.0721154
56 0.338174 0.336538 0.0487552 0.0467033
60 0.450726 0.666896 0.273859 0.127747
56 0.00985477 0.437843 0.0197095 0.0776099
56 0.641338 0.416209 0.0710581 0.130495
56 0.0554979 0.548764 0.110996 0.171703
56 0.27334 0.333104 0.0477178 0.0425824
56 0.494035 0.536401 0.0461618 0.133242
56 0.124481 0.487637 0.114108 0.159341
56 0.303683 0.51614 0.118776 0.210852
0 0.600882 0.70364 0.190353 0.238324
56 0.509077 0.424107 0.0554979 0.103709
56 0.691649 0.567651 0.108402 0.20261
56 0.257521 0.604739 0.10944 0.191621
56 0.4139 0.861264 0.173237 0.273352
56 0.101919 0.71772 0.203838 0.287088
0 0.412085 0.684409 0.14056 0.283654
0 0.423755 0.514766 0.119295 0.184753
56 0.610218 0.887019 0.184129 0.219093
0 0.55083 0.513049 0.103734 0.181319
