60 0.582728 0.389423 0.0855809 0.0879121
60 0.285529 0.388736 0.163382 0.120879
60 0.182832 0.512706 0.200726 0.171016
56 0.634595 0.506868 0.0503112 0.179945
56 0.501815 0.579327 0.0243776 0.0473901
56 0.626297 0.365728 0.0420124 0.0652473
56 0.507521 0.505838 0.0202282 0.051511
56 0.00985477 0.437157 0.0197095 0.073489
60 0.755705 0.557349 0.182573 0.246566
56 0.338174 0.336538 0.0487552 0.0467033
60 0.448651 0.664835 0.270747 0.125
56 0.641079 0.416552 0.0715768 0.131181
56 0.0567946 0.549107 0.113589 0.17239
56 0.27334 0.333104 0.0477178 0.0425824
56 0.392376 0.439904 0.061722 0.153159
56 0.305239 0.515453 0.115664 0.209478
0 0.600882 0.703984 0.19139 0.237637
56 0.126037 0.488324 0.11722 0.159341
56 0.255965 0.614354 0.114627 0.209478
56 0.508817 0.425481 0.0560166 0.106456
56 0.41416 0.862294 0.173755 0.268544
56 0.692168 0.569712 0.107365 0.20261
56 0.101919 0.71772 0.202801 0.288462
0 0.411826 0.684409 0.141079 0.283654
56 0.610736 0.887019 0.183091 0.219093
0 0.423496 0.507898 0.119813 0.198489
0 0.551349 0.512363 0.104772 0.181319
