60 0.45721 0.449519 0.0720954 0.144918
60 0.182832 0.512706 0.201763 0.169643
60 0.76971 0.558723 0.156639 0.246566
13 0.768672 0.559066 0.158714 0.244505
56 0.61722 0.503777 0.06639 0.188874
56 0.634336 0.353022 0.026971 0.0384615
56 0.366442 0.433036 0.0554979 0.144918
73 0.612552 0.917582 0.0518672 0.0521978
56 0.0606846 0.548764 0.121369 0.173077
60 0.48833 0.664835 0.351141 0.123626
56 0.00985477 0.4375 0.0197095 0.0741758
56 0.292531 0.335165 0.0134855 0.0453297
0 0.550571 0.510646 0.10529 0.195742
56 0.419346 0.556319 0.0969917 0.100275
56 0.304461 0.517514 0.121369 0.201236
56 0.501815 0.447802 0.0700208 0.151099
56 0.337656 0.336882 0.0487552 0.0473901
56 0.126815 0.487981 0.118776 0.160027
0 0.248444 0.306662 0.0860996 0.133929
56 0.256743 0.607143 0.113071 0.197802
56 0.692946 0.573146 0.106846 0.188874
0 0.658195 0.388049 0.142116 0.203297
56 0.431017 0.859203 0.162863 0.26511
56 0.103734 0.717033 0.206432 0.288462
0 0.405861 0.402129 0.098029 0.21772
56 0.595436 0.858173 0.171162 0.238324
