56 0.381855 0.480288 0.0599462 0.105769
56 0.583871 0.470192 0.0424731 0.05
60 0.754704 0.527644 0.0938172 0.151442
56 0.527957 0.634375 0.0715054 0.191827
56 0.446102 0.926923 0.178226 0.146154
56 0.369355 0.523077 0.0397849 0.164423
56 0.87621 0.485577 0.0379032 0.140385
56 0.469758 0.599279 0.0712366 0.174519
56 0.403226 0.440385 0.0333333 0.0394231
56 0.314516 0.900962 0.120968 0.193269
56 0.925672 0.784856 0.148656 0.391827
0 0.504167 0.391346 0.0577957 0.0903846
56 0.847849 0.482933 0.0731183 0.135096
0 0.48629 0.469712 0.0526882 0.146154
0 0.643817 0.529808 0.104839 0.199038
0 0.28078 0.655529 0.137366 0.374519
56 0.317876 0.518029 0.0255376 0.09375
56 0.703629 0.597115 0.0663978 0.226923
56 0.611828 0.683173 0.119355 0.240385
60 0.508468 0.827644 0.305645 0.333173
56 0.236559 0.787019 0.153763 0.381731
56 0.131317 0.64976 0.0637097 0.217788
