60 0.182832 0.512363 0.201763 0.17033
56 0.502593 0.579327 0.0238589 0.0473901
56 0.377853 0.578984 0.0160788 0.0535714
56 0.621369 0.369505 0.0518672 0.0741758
56 0.633299 0.505838 0.0518672 0.182005
56 0.301867 0.513049 0.11722 0.211538
60 0.755705 0.557005 0.182573 0.247253
56 0.507002 0.506181 0.0191909 0.0508242
56 0.00985477 0.437843 0.0197095 0.0748626
56 0.338174 0.336538 0.0487552 0.0467033
60 0.454357 0.661745 0.282158 0.12294
56 0.0549793 0.548764 0.109959 0.171703
56 0.641338 0.413118 0.0710581 0.12294
56 0.273081 0.333104 0.0471992 0.0425824
56 0.392635 0.435783 0.0622407 0.144918
56 0.126556 0.487981 0.118257 0.158654
56 0.257002 0.617102 0.117739 0.213599
0 0.603475 0.705701 0.193465 0.227335
56 0.508817 0.426168 0.0560166 0.106456
56 0.691649 0.570398 0.107365 0.20261
56 0.4139 0.862981 0.174274 0.268544
56 0.1014 0.715659 0.201763 0.291209
0 0.412085 0.685096 0.14056 0.28228
56 0.609959 0.887706 0.184647 0.219093
0 0.549533 0.513049 0.10529 0.179945
0 0.393154 0.507555 0.178423 0.196429
