60 0.457988 0.447115 0.0705394 0.144231
56 0.64445 0.517857 0.0990664 0.167582
60 0.182313 0.510989 0.199689 0.164835
56 0.507521 0.50206 0.0191909 0.0412088
73 0.612293 0.916896 0.0492739 0.0508242
60 0.756224 0.557005 0.182573 0.248626
56 0.337656 0.336538 0.0487552 0.0467033
60 0.488589 0.665522 0.349585 0.125
56 0.00985477 0.43853 0.0197095 0.0748626
56 0.0645747 0.549451 0.129149 0.175824
56 0.502853 0.445398 0.0679461 0.146291
0 0.63278 0.426854 0.0850622 0.140797
56 0.309388 0.515453 0.10944 0.206731
0 0.550311 0.509959 0.103734 0.195742
0 0.428942 0.388049 0.0736515 0.151099
56 0.419865 0.556319 0.0990664 0.100275
56 0.126556 0.488324 0.118257 0.159341
56 0.255965 0.618132 0.115664 0.218407
56 0.400674 0.441277 0.0627593 0.146291
0 0.272562 0.313187 0.0689834 0.0879121
56 0.693205 0.569712 0.108402 0.199863
56 0.430757 0.855082 0.163382 0.276099
56 0.101919 0.71875 0.203838 0.285027
56 0.594917 0.857486 0.173237 0.238324
