60 0.582988 0.386332 0.0860996 0.0817308
60 0.182832 0.512019 0.200726 0.169643
13 0.755965 0.558379 0.182054 0.248626
56 0.676089 0.81044 0.0389004 0.092033
56 0.503371 0.57967 0.0233402 0.0480769
56 0.627075 0.368475 0.0404564 0.0707418
60 0.755705 0.558036 0.184647 0.245192
56 0.507002 0.506868 0.0181535 0.0494506
56 0.00985477 0.437843 0.0197095 0.0762363
56 0.0562759 0.549107 0.112552 0.17239
56 0.338174 0.336538 0.0487552 0.0467033
60 0.418309 0.657624 0.212137 0.105082
56 0.273081 0.333104 0.0471992 0.0425824
56 0.392894 0.393544 0.061722 0.0618132
56 0.640819 0.424451 0.0720954 0.146978
56 0.302127 0.514766 0.123963 0.208104
56 0.508039 0.428228 0.0565353 0.109203
56 0.126556 0.487981 0.118257 0.161401
56 0.694502 0.567995 0.103734 0.210165
0 0.60529 0.687157 0.191909 0.366071
56 0.256743 0.606456 0.113071 0.195055
0 0.544865 0.513393 0.091805 0.183379
56 0.104772 0.719093 0.208506 0.285714
56 0.623444 0.884959 0.209544 0.223214
0 0.410788 0.684753 0.140042 0.282967
56 0.4139 0.861951 0.173237 0.270604
0 0.41805 0.512363 0.141079 0.188187
