60 0.182054 0.513049 0.201245 0.17033
56 0.371369 0.386332 0.0217842 0.0501374
56 0.626815 0.369505 0.0409751 0.0714286
56 0.337396 0.384615 0.0554979 0.14011
56 0.506483 0.503777 0.0181535 0.0501374
60 0.755446 0.557005 0.183091 0.247253
56 0.00985477 0.437843 0.0197095 0.0762363
56 0.0531639 0.548764 0.106328 0.173077
56 0.640301 0.425481 0.0731328 0.149038
56 0.273081 0.332761 0.0471992 0.0432692
56 0.127075 0.488324 0.119295 0.159341
56 0.508039 0.424451 0.0575726 0.103022
56 0.257002 0.614354 0.117739 0.209478
60 0.470954 0.652473 0.322614 0.107143
56 0.692168 0.567995 0.108402 0.201923
0 0.401193 0.737637 0.205913 0.277473
0 0.613071 0.741071 0.206432 0.254121
56 0.102697 0.71772 0.204357 0.287088
56 0.622147 0.915865 0.200726 0.162775
0 0.55083 0.513393 0.104772 0.179258
56 0.4139 0.896635 0.173237 0.199863
0 0.412085 0.48283 0.170643 0.251374
