60 0.582469 0.390453 0.0860996 0.0899725
60 0.286566 0.390453 0.164419 0.110577
60 0.182832 0.510302 0.199689 0.163462
56 0.634595 0.508242 0.0503112 0.175824
56 0.507261 0.505495 0.0197095 0.0508242
56 0.621629 0.369162 0.0513485 0.0721154
60 0.755446 0.557349 0.183091 0.246566
56 0.495332 0.536401 0.0414938 0.133242
56 0.338434 0.337569 0.0492739 0.0487637
60 0.455913 0.653503 0.279046 0.105082
56 0.640819 0.415522 0.0710581 0.129121
56 0.0101141 0.438187 0.0202282 0.0769231
56 0.0542012 0.548764 0.108402 0.173077
56 0.392894 0.435783 0.0627593 0.144918
56 0.273081 0.333104 0.0471992 0.0425824
56 0.310166 0.515453 0.106846 0.209478
56 0.125778 0.487637 0.116701 0.159341
0 0.600622 0.705357 0.190871 0.237637
56 0.254927 0.618475 0.115664 0.220467
56 0.508558 0.424794 0.0565353 0.105082
56 0.692168 0.567995 0.107365 0.203297
56 0.41416 0.85886 0.174793 0.278159
56 0.10166 0.716003 0.20332 0.290522
0 0.412085 0.684066 0.14056 0.284341
56 0.610736 0.887019 0.183091 0.219093
0 0.424793 0.510989 0.120332 0.193681
0 0.550311 0.513049 0.104772 0.181319
