56 0.166494 0.475618 0.0466805 0.0418956
60 0.185166 0.510646 0.192946 0.161401
60 0.755705 0.557349 0.18361 0.246566
56 0.327023 0.513736 0.0928423 0.207418
56 0.118517 0.456387 0.0565353 0.0940934
60 0.490145 0.694712 0.352697 0.190247
56 0.344917 0.335852 0.0342324 0.0453297
56 0.633039 0.453297 0.0845436 0.206044
56 0.396784 0.426511 0.0705394 0.126374
0 0.60944 0.387363 0.100622 0.206044
56 0.503631 0.431319 0.0674274 0.118132
56 0.430239 0.54636 0.0928423 0.117445
0 0.30472 0.364698 0.104253 0.184066
56 0.255446 0.616071 0.114627 0.207418
0 0.064834 0.440247 0.129668 0.331044
56 0.538641 0.542926 0.0876556 0.118819
56 0.595695 0.858516 0.207988 0.276099
56 0.692687 0.567651 0.107365 0.209478
56 0.421421 0.861607 0.169606 0.268544
56 0.10166 0.721841 0.202282 0.28022
