56 0.338174 0.336538 0.0487552 0.0467033
56 0.659492 0.374313 0.0357884 0.0453297
56 0.682832 0.574863 0.0710581 0.171703
56 0.273081 0.333104 0.0471992 0.0425824
56 0.00985477 0.437157 0.0197095 0.0748626
60 0.490405 0.65522 0.351141 0.114011
56 0.0430498 0.550137 0.0860996 0.175824
56 0.317946 0.515453 0.0923237 0.209478
56 0.06639 0.722871 0.13278 0.276786
56 0.396525 0.441964 0.0700208 0.158654
56 0.507521 0.42033 0.05861 0.0961538
56 0.538641 0.524038 0.0814315 0.118132
0 0.615405 0.494849 0.138485 0.29739
56 0.429201 0.54739 0.0959544 0.116758
56 0.592064 0.855082 0.214212 0.282967
56 0.421681 0.862637 0.170124 0.266484
56 0.264782 0.604739 0.094917 0.188874
0 0.760114 0.612981 0.187241 0.475962
0 0.17972 0.653159 0.25778 0.582418
