63 0.606846 0.369849 0.0248963 0.0226648
60 0.755446 0.556319 0.183091 0.247253
56 0.630965 0.507212 0.0523859 0.182005
56 0.640301 0.401786 0.0596473 0.0989011
0 0.616961 0.394231 0.107365 0.166209
60 0.184647 0.510302 0.198133 0.162088
56 0.330654 0.518887 0.064834 0.203984
56 0.273081 0.332418 0.0471992 0.0425824
60 0.489886 0.696429 0.353216 0.195055
56 0.338693 0.336538 0.0497925 0.0467033
56 0.257002 0.616415 0.110477 0.164148
56 0.127853 0.467033 0.121888 0.116758
0 0.29694 0.425481 0.094917 0.168269
56 0.396266 0.442308 0.0684647 0.159341
56 0.503371 0.432005 0.0669087 0.118132
56 0.42583 0.547047 0.100622 0.117445
56 0.59751 0.862981 0.204357 0.26717
0 0.0619813 0.508585 0.123963 0.258929
56 0.538641 0.542582 0.0876556 0.119505
56 0.692687 0.568681 0.106328 0.203297
56 0.422199 0.86092 0.170124 0.269918
56 0.110737 0.727335 0.220436 0.269231
