60 0.58221 0.385989 0.0855809 0.081044
60 0.167531 0.510646 0.164938 0.161401
56 0.478475 0.56456 0.0264523 0.0769231
56 0.648081 0.816964 0.107365 0.0995879
60 0.466027 0.654876 0.252593 0.110577
56 0.625778 0.370536 0.0440871 0.0748626
56 0.393413 0.413462 0.0658714 0.100275
56 0.00985477 0.437843 0.0197095 0.0762363
56 0.346473 0.335852 0.030083 0.0453297
56 0.0573133 0.549107 0.114627 0.175137
56 0.126556 0.487637 0.11722 0.159341
56 0.641338 0.418613 0.0720954 0.135302
56 0.432573 0.540865 0.0975104 0.129808
56 0.426608 0.919299 0.189315 0.155907
56 0.0912863 0.71669 0.182573 0.287775
56 0.508299 0.418269 0.0570539 0.092033
0 0.665716 0.638049 0.229772 0.451923
56 0.627075 0.878434 0.210581 0.237637
0 0.560425 0.511332 0.133299 0.184753
0 0.33221 0.45467 0.188278 0.303571
0 0.27334 0.728709 0.215768 0.53022
