60 0.184647 0.510302 0.197095 0.163462
0 0.630446 0.361951 0.0482365 0.101648
56 0.639264 0.409684 0.0606846 0.114698
60 0.755705 0.557005 0.18361 0.247253
56 0.630705 0.508585 0.0529046 0.182005
60 0.489886 0.696085 0.353216 0.192995
56 0.273081 0.332761 0.0471992 0.0432692
56 0.338952 0.336195 0.0503112 0.0460165
56 0.128112 0.457074 0.121369 0.095467
56 0.396525 0.425481 0.0710581 0.125687
0 0.0731328 0.506525 0.146266 0.253434
56 0.338952 0.51511 0.0783195 0.206044
56 0.257521 0.598214 0.10944 0.201923
0 0.313019 0.434753 0.0959544 0.174451
56 0.503371 0.432005 0.0679461 0.119505
56 0.429979 0.547047 0.0923237 0.117445
56 0.595695 0.859203 0.207988 0.274725
56 0.538641 0.542926 0.0876556 0.118819
56 0.105031 0.730082 0.207988 0.260989
56 0.692427 0.570398 0.106846 0.201236
56 0.421681 0.861607 0.170124 0.268544
