60 0.457988 0.420673 0.0705394 0.0899725
60 0.285788 0.38908 0.1639 0.117445
60 0.582728 0.393201 0.0866183 0.095467
60 0.183091 0.512019 0.200207 0.166896
56 0.626815 0.369505 0.0420124 0.0714286
56 0.634077 0.507212 0.0523859 0.186126
56 0.501556 0.537088 0.030083 0.131868
56 0.338174 0.336538 0.0487552 0.0467033
56 0.00985477 0.4375 0.0197095 0.0755495
60 0.755705 0.557005 0.18361 0.247253
56 0.640819 0.419299 0.0720954 0.135302
56 0.0542012 0.548764 0.108402 0.173077
56 0.301089 0.516827 0.119813 0.212225
56 0.273081 0.333104 0.0471992 0.0425824
56 0.392894 0.414492 0.0627593 0.102335
56 0.126556 0.488324 0.118257 0.159341
56 0.257002 0.611607 0.115664 0.199863
60 0.470954 0.652816 0.327801 0.10783
56 0.691649 0.568681 0.106328 0.201923
56 0.508817 0.425824 0.0560166 0.105769
0 0.400674 0.736607 0.205913 0.279533
0 0.612811 0.739698 0.204876 0.259615
56 0.10166 0.718407 0.202282 0.285714
56 0.622147 0.916209 0.200726 0.163462
56 0.414419 0.895604 0.174274 0.201923
0 0.420643 0.513393 0.150415 0.192995
0 0.552127 0.513049 0.106328 0.179945
