60 0.582988 0.39011 0.0860996 0.0892857
60 0.285788 0.39011 0.1639 0.116758
60 0.183351 0.510302 0.199689 0.164835
56 0.634336 0.506868 0.0508299 0.177198
56 0.502075 0.578984 0.0238589 0.0480769
56 0.62111 0.368819 0.0513485 0.0741758
56 0.338174 0.338255 0.0497925 0.0501374
56 0.507521 0.505495 0.0202282 0.0508242
60 0.755705 0.557349 0.182573 0.246566
56 0.00985477 0.4375 0.0197095 0.0755495
56 0.641338 0.418269 0.0720954 0.133242
56 0.0549793 0.549107 0.109959 0.17239
56 0.273081 0.333104 0.0471992 0.0425824
60 0.456691 0.653159 0.281639 0.107143
56 0.392635 0.440934 0.0622407 0.156593
56 0.309907 0.515453 0.108402 0.209478
56 0.126815 0.487637 0.118776 0.159341
56 0.256483 0.614011 0.113589 0.210165
0 0.602438 0.705014 0.19139 0.231456
56 0.508299 0.425481 0.0570539 0.106456
56 0.691909 0.568338 0.107884 0.20261
56 0.102697 0.71772 0.205394 0.287088
56 0.41416 0.875 0.173755 0.243132
0 0.408454 0.692995 0.151971 0.260989
56 0.610996 0.887363 0.182573 0.218407
0 0.550571 0.513393 0.104253 0.180632
0 0.427905 0.510302 0.114108 0.190934
