60 0.28527 0.38908 0.162863 0.117445
60 0.183351 0.511676 0.199689 0.167582
56 0.422199 0.40419 0.0539419 0.0570055
56 0.0101141 0.43544 0.0202282 0.0700549
60 0.755446 0.557349 0.183091 0.246566
56 0.0599066 0.54842 0.119813 0.17239
56 0.338434 0.337225 0.0492739 0.0480769
56 0.653008 0.422047 0.0466805 0.139423
56 0.273081 0.333104 0.0471992 0.0425824
60 0.489886 0.695055 0.353216 0.192308
56 0.306276 0.515453 0.116701 0.208104
0 0.601919 0.421703 0.102178 0.270604
56 0.125259 0.487981 0.115664 0.160027
56 0.518932 0.429602 0.0368257 0.111951
0 0.458506 0.394231 0.112033 0.225275
56 0.429461 0.547047 0.093361 0.116071
56 0.255705 0.618132 0.115145 0.215659
56 0.537344 0.543269 0.090249 0.119505
56 0.398081 0.442651 0.0731328 0.158654
56 0.691909 0.567308 0.105809 0.206044
56 0.590508 0.856799 0.220436 0.279533
56 0.102438 0.719437 0.203838 0.280907
56 0.42194 0.860234 0.170643 0.269918
