60 0.611515 0.399725 0.123444 0.151099
63 0.606846 0.370192 0.0248963 0.0233516
60 0.184647 0.510302 0.200207 0.164835
60 0.755705 0.556319 0.18361 0.247253
56 0.640301 0.402473 0.061722 0.104396
56 0.330913 0.53331 0.063278 0.171016
56 0.630965 0.507898 0.0534232 0.182005
0 0.615923 0.394574 0.107365 0.165522
60 0.489886 0.696429 0.353216 0.195055
56 0.128631 0.468063 0.121369 0.117445
56 0.257261 0.617445 0.109959 0.160714
56 0.338693 0.335852 0.0497925 0.0467033
56 0.273081 0.333104 0.0471992 0.0425824
56 0.426608 0.547047 0.100104 0.117445
0 0.305757 0.427541 0.107365 0.161401
56 0.503371 0.432005 0.0679461 0.119505
56 0.396006 0.442651 0.0689834 0.158654
0 0.0614627 0.508585 0.122925 0.258929
56 0.59388 0.855082 0.212656 0.282967
56 0.538641 0.542926 0.0876556 0.118819
56 0.692168 0.568681 0.106328 0.201923
56 0.421681 0.861264 0.170124 0.269231
56 0.110737 0.727679 0.220436 0.268544
