63 0.989627 0.411401 0.0207469 0.0343407
63 0.793309 0.403846 0.034751 0.0274725
56 0.297458 0.620879 0.05861 0.0728022
56 0.8361 0.411401 0.0560166 0.081044
60 0.606328 0.389766 0.127593 0.117445
60 0.793568 0.43647 0.140042 0.103709
56 0.330394 0.538118 0.0497925 0.0473901
56 0.377853 0.682692 0.131224 0.324176
62 0.878631 0.441277 0.0674274 0.0789835
60 0.607365 0.342376 0.130705 0.0240385
63 0.8361 0.40625 0.0549793 0.0707418
56 0.457988 0.477679 0.0508299 0.147665
60 0.413382 0.396291 0.140042 0.126374
56 0.74611 0.439217 0.0409751 0.0611264
56 0.513745 0.393201 0.0544606 0.0487637
56 0.576504 0.385302 0.0544606 0.0659341
56 0.71084 0.42033 0.0357884 0.101648
60 0.364886 0.675824 0.155083 0.34478
74 0.626037 0.142514 0.0342324 0.0570055
56 0.638745 0.548077 0.094917 0.160714
62 0.836359 0.40625 0.0534232 0.0707418
60 0.748185 0.642514 0.282676 0.212225
56 0.453838 0.368819 0.0487552 0.105769
56 0.85944 0.481113 0.107884 0.15728
60 0.521006 0.50206 0.17583 0.168956
56 0.753112 0.505151 0.100622 0.0762363
56 0.637448 0.401786 0.0705394 0.111264
56 0.515819 0.477679 0.0731328 0.214973
56 0.401193 0.37603 0.05861 0.12294
56 0.290975 0.558723 0.0995851 0.162775
56 0.842583 0.755495 0.187241 0.196429
56 0.258039 0.691964 0.138485 0.268544
56 0.714471 0.739011 0.161307 0.211538
56 0.927386 0.631868 0.145228 0.240385
