0 0.98871 0.615385 0.0225806 0.109615
56 0.575134 0.396154 0.0314516 0.0269231
24 0.659946 0.574038 0.0666667 0.124038
56 0.45793 0.387981 0.0330645 0.0230769
60 0.587097 0.453125 0.0580645 0.0543269
56 0.504973 0.395192 0.0330645 0.0230769
60 0.609543 0.581971 0.0814516 0.232212
56 0.675403 0.513942 0.0260753 0.0846154
60 0.386559 0.60601 0.21828 0.239904
56 0.406183 0.474519 0.0505376 0.05
56 0.459409 0.475721 0.0510753 0.0504808
26 0.659812 0.573077 0.0658602 0.125962
56 0.382661 0.389904 0.0330645 0.0298077
56 0.372177 0.43101 0.0491935 0.0399038
56 0.501478 0.47476 0.0384409 0.107212
56 0.456048 0.429087 0.0443548 0.0466346
13 0.769624 0.761298 0.116129 0.26875
0 0.563844 0.355288 0.0319892 0.173077
60 0.60914 0.521635 0.0774194 0.102885
56 0.955511 0.55024 0.0755376 0.158173
60 0.388038 0.524279 0.21586 0.0774038
56 0.34664 0.472356 0.0513441 0.0504808
56 0.586559 0.571635 0.0704301 0.145192
56 0.769489 0.762019 0.114247 0.269231
56 0.378091 0.642067 0.0803763 0.176442
0 0.712769 0.63101 0.0776882 0.416827
56 0.455108 0.630769 0.0768817 0.192308
60 0.185484 0.798558 0.168817 0.281731
56 0.301882 0.640865 0.0817204 0.174038
56 0.282392 0.41226 0.0508065 0.115865
60 0.677554 0.755288 0.127151 0.246154
56 0.145296 0.563462 0.112097 0.191346
56 0.310349 0.81899 0.119086 0.305288
56 0.588978 0.751683 0.0989247 0.273558
