60 0.582728 0.412088 0.091805 0.131868
60 0.275934 0.393544 0.167012 0.0975275
60 0.460322 0.468063 0.0752075 0.1875
73 0.613071 0.917239 0.0487552 0.051511
60 0.183869 0.515797 0.196577 0.174451
60 0.755705 0.556319 0.18361 0.245879
56 0.63278 0.366071 0.0321577 0.0618132
56 0.00985477 0.43853 0.0197095 0.0762363
56 0.615405 0.421016 0.106328 0.144231
60 0.489886 0.666209 0.352178 0.133242
56 0.265819 0.333104 0.0503112 0.043956
56 0.338952 0.384272 0.0554979 0.14217
56 0.552386 0.555632 0.096473 0.0961538
56 0.258299 0.604739 0.107884 0.186126
56 0.419346 0.557349 0.0959544 0.0982143
56 0.502853 0.442995 0.0679461 0.141484
56 0.125 0.48489 0.116183 0.153846
56 0.404564 0.439904 0.0695021 0.144918
56 0.430498 0.861607 0.162863 0.258929
56 0.595954 0.855082 0.170124 0.240385
56 0.690871 0.568338 0.108921 0.197115
56 0.112293 0.721841 0.223548 0.281593
