60 0.531586 0.501442 0.0873656 0.0538462
56 0.477151 0.474038 0.0290323 0.0721154
60 0.529704 0.446635 0.0481183 0.0692308
60 0.229435 0.543029 0.0991936 0.0745192
56 0.530107 0.556971 0.0564516 0.0581731
26 0.502554 0.393029 0.0303763 0.0783654
56 0.467339 0.42476 0.0115591 0.0504808
60 0.424462 0.469231 0.12043 0.0644231
56 0.36922 0.47524 0.0346774 0.0860577
56 0.401747 0.44375 0.0319892 0.0423077
60 0.603763 0.535577 0.22957 0.117308
24 0.502554 0.393029 0.0303763 0.0783654
56 0.454973 0.949519 0.168548 0.0980769
56 0.556855 0.448558 0.0513441 0.0615385
56 0.693145 0.459135 0.0626344 0.05
56 0.36828 0.56226 0.0327957 0.0947115
60 0.759005 0.534615 0.0825269 0.155769
56 0.633065 0.489904 0.0537634 0.0586538
56 0.342608 0.902404 0.180914 0.188462
56 0.476882 0.582452 0.055914 0.171635
56 0.58172 0.470673 0.0435484 0.0451923
56 0.696371 0.583413 0.0615591 0.223558
56 0.532393 0.635337 0.0755376 0.205288
56 0.306317 0.51875 0.0293011 0.0836538
56 0.392608 0.65 0.0873656 0.232692
56 0.136022 0.648558 0.0693548 0.218269
0 0.4875 0.397837 0.0352151 0.202404
60 0.311828 0.691587 0.174731 0.290865
56 0.244086 0.803365 0.152688 0.335577
56 0.620699 0.6625 0.11129 0.191346
56 0.925941 0.729567 0.148118 0.491827
56 0.853226 0.482212 0.083871 0.138462
60 0.508333 0.826202 0.301075 0.329327
