60 0.692427 0.456731 0.134855 0.0508242
60 0.490664 0.443338 0.0871369 0.0762363
60 0.523081 0.50206 0.15612 0.0659341
60 0.796421 0.623283 0.106328 0.243819
62 0.299533 0.512363 0.05861 0.0728022
56 0.516598 0.415522 0.0311203 0.0302198
60 0.301089 0.615385 0.215249 0.223901
60 0.565093 0.720467 0.264004 0.299451
74 0.719139 0.247596 0.0368257 0.0542582
56 0.729512 0.509959 0.0326764 0.0776099
56 0.54694 0.445398 0.0451245 0.0831044
56 0.240664 0.615385 0.0975104 0.215659
56 0.299274 0.512706 0.0591286 0.073489
56 0.544087 0.561126 0.0736515 0.0796703
56 0.633299 0.481113 0.0487552 0.0913462
56 0.481587 0.541896 0.0679461 0.104396
56 0.873703 0.646291 0.126037 0.233516
56 0.737033 0.587912 0.0923237 0.171703
56 0.635892 0.588942 0.0809129 0.0885989
56 0.445799 0.760989 0.120851 0.245879
56 0.733402 0.801854 0.160788 0.316621
56 0.564834 0.826236 0.158714 0.291209
