60 0.390726 0.426442 0.0637097 0.0336538
13 0.518548 0.563942 0.0682796 0.149038
56 0.240457 0.422837 0.0427419 0.0302885
62 0.331586 0.283654 0.0319892 0.0461538
56 0.44664 0.422115 0.0341398 0.0346154
56 0.453495 0.610577 0.0747312 0.1625
56 0.416263 0.391346 0.030914 0.0269231
56 0.436962 0.454327 0.0481183 0.0461538
56 0.315054 0.447115 0.0430108 0.0346154
13 0.520027 0.770913 0.139516 0.374519
60 0.505914 0.436538 0.066129 0.103846
60 0.273522 0.490865 0.126075 0.121154
56 0.529032 0.443269 0.0311828 0.103846
56 0.368817 0.396394 0.0317204 0.0254808
56 0.383602 0.46851 0.0526882 0.0543269
60 0.732392 0.577163 0.135753 0.177404
56 0.518145 0.563702 0.0685484 0.148558
56 0.477554 0.416587 0.0352151 0.0966346
56 0.286425 0.41226 0.0389785 0.0302885
60 0.405242 0.575721 0.216935 0.224519
56 0.613038 0.424279 0.030914 0.04375
56 0.631855 0.485577 0.0540323 0.15
60 0.581989 0.507933 0.115591 0.176442
56 0.577688 0.521394 0.0569892 0.153365
56 0.261694 0.519952 0.0567204 0.152404
56 0.0837366 0.690865 0.142742 0.267308
56 0.371909 0.614423 0.0954301 0.154808
0 0.44207 0.336058 0.0223118 0.129808
0 0.709543 0.486058 0.0771505 0.372115
24 0.679301 0.429567 0.0462366 0.116827
56 0.317204 0.553125 0.0639785 0.197596
56 0.14664 0.474038 0.086828 0.139423
56 0.520161 0.771154 0.139247 0.370192
60 0.395161 0.820433 0.169355 0.347596
56 0.770699 0.551683 0.0688172 0.19375
56 0.670968 0.617067 0.108065 0.220673
