60 0.489108 0.442308 0.0840249 0.0796703
60 0.522303 0.50206 0.149378 0.0549451
60 0.797459 0.623283 0.10944 0.243819
56 0.668828 0.512019 0.0378631 0.095467
56 0.514523 0.415179 0.0321577 0.0309066
56 0.691649 0.456731 0.0264523 0.0260989
62 0.299793 0.513049 0.0591286 0.0741758
60 0.564056 0.648695 0.265042 0.154533
74 0.719398 0.247596 0.0363071 0.0542582
56 0.505446 0.439904 0.0503112 0.0803571
56 0.885114 0.547047 0.0866183 0.095467
60 0.302386 0.616071 0.213693 0.222527
56 0.239886 0.616758 0.0969917 0.217033
56 0.299533 0.513393 0.0596473 0.0748626
56 0.63278 0.482143 0.0497925 0.092033
56 0.737552 0.589629 0.0954357 0.165522
56 0.487033 0.540865 0.0798755 0.105082
56 0.547459 0.445742 0.0471992 0.0851648
56 0.637967 0.589286 0.0819502 0.0892857
56 0.549015 0.561126 0.0938797 0.0989011
56 0.461359 0.760302 0.151971 0.244505
56 0.875 0.645948 0.123444 0.234203
0 0.720954 0.486607 0.0757261 0.138049
56 0.57028 0.841003 0.158195 0.290522
56 0.733402 0.802885 0.161826 0.31456
