60 0.511929 0.449863 0.110996 0.0741758
60 0.300311 0.612981 0.217842 0.227335
60 0.800311 0.623283 0.113071 0.243819
62 0.0871369 0.511332 0.174274 0.473214
56 0.666234 0.508242 0.0326764 0.0961538
74 0.719398 0.247253 0.0363071 0.0549451
56 0.299274 0.512706 0.0591286 0.073489
60 0.563797 0.647665 0.263485 0.145604
56 0.549793 0.446085 0.0425311 0.0858516
62 0.299533 0.513049 0.05861 0.0741758
56 0.884855 0.543956 0.0860996 0.0892857
56 0.740145 0.587569 0.102697 0.161401
56 0.514782 0.415179 0.0306017 0.0322802
0 0.721732 0.492102 0.0752075 0.147665
56 0.238849 0.616415 0.10529 0.212225
56 0.633299 0.482486 0.0497925 0.0927198
0 0.498703 0.486951 0.0596473 0.144231
56 0.560166 0.561126 0.0705394 0.0989011
56 0.637707 0.589629 0.0814315 0.0899725
56 0.498185 0.539835 0.05861 0.0934066
56 0.456432 0.759615 0.142116 0.243132
56 0.874741 0.649382 0.123963 0.227335
0 0.438019 0.525069 0.0835062 0.279533
56 0.569761 0.841346 0.158195 0.289835
0 0.16779 0.618475 0.137448 0.361951
56 0.733143 0.802885 0.161307 0.31456
