60 0.508817 0.45158 0.124481 0.0748626
60 0.798496 0.623626 0.110477 0.244505
60 0.559647 0.502747 0.0798755 0.0412088
56 0.300571 0.510989 0.0596473 0.0728022
74 0.719139 0.247596 0.0368257 0.0542582
56 0.630705 0.48283 0.0518672 0.0728022
60 0.562759 0.648695 0.26556 0.146291
56 0.23055 0.573489 0.0679461 0.167582
56 0.884855 0.54636 0.0860996 0.0940934
56 0.549274 0.446772 0.0446058 0.0872253
60 0.313797 0.61092 0.202282 0.216346
56 0.739108 0.587569 0.103734 0.166896
0 0.720695 0.489354 0.0762448 0.14217
56 0.514523 0.415179 0.0311203 0.0322802
0 0.497666 0.490041 0.0606846 0.149038
56 0.447873 0.759272 0.127075 0.242445
56 0.637448 0.589286 0.0809129 0.0906593
0 0.266079 0.583104 0.126556 0.252747
56 0.559388 0.560783 0.0689834 0.0968407
56 0.874222 0.648352 0.125 0.229396
56 0.484699 0.540522 0.0835062 0.114011
0 0.610477 0.419299 0.0529046 0.176511
56 0.569761 0.841003 0.158195 0.290522
56 0.733143 0.802198 0.161307 0.315934
