60 0.798496 0.622596 0.108402 0.243819
56 0.667272 0.508585 0.0357884 0.102335
60 0.563537 0.649382 0.266079 0.150412
60 0.302386 0.615041 0.213693 0.223214
74 0.719398 0.247253 0.0363071 0.0549451
56 0.884855 0.54636 0.0860996 0.0940934
56 0.299274 0.513049 0.0591286 0.0741758
56 0.514782 0.415179 0.0306017 0.0322802
56 0.737811 0.585508 0.106328 0.17239
56 0.549274 0.445742 0.0446058 0.0865385
56 0.240405 0.616758 0.0969917 0.217033
0 0.719398 0.490041 0.0746888 0.143544
56 0.63278 0.482486 0.0497925 0.0927198
56 0.556276 0.56044 0.0783195 0.0989011
56 0.638226 0.589286 0.0824689 0.0892857
56 0.459544 0.760646 0.14834 0.245192
56 0.874222 0.646635 0.125 0.23283
0 0.481846 0.497253 0.0912863 0.192308
56 0.569761 0.840316 0.159232 0.291896
56 0.733143 0.802198 0.161307 0.315934
