60 0.559647 0.502404 0.0819502 0.040522
60 0.798236 0.62294 0.108921 0.243132
60 0.508817 0.452953 0.123444 0.0721154
74 0.719139 0.247596 0.0368257 0.0542582
56 0.663641 0.508585 0.0378631 0.0982143
56 0.305498 0.508929 0.0466805 0.0659341
60 0.562759 0.649038 0.263485 0.148352
56 0.221992 0.589629 0.0466805 0.155907
56 0.551349 0.446429 0.0404564 0.0865385
56 0.885114 0.547047 0.0866183 0.095467
60 0.318205 0.616415 0.187241 0.221841
56 0.740923 0.587569 0.104253 0.165522
0 0.720954 0.489011 0.0746888 0.141484
56 0.514523 0.415522 0.0311203 0.032967
0 0.497925 0.490041 0.0612033 0.147665
56 0.462137 0.759615 0.154564 0.244505
0 0.264782 0.597871 0.106328 0.246566
56 0.637189 0.589286 0.0814315 0.0906593
56 0.559907 0.560096 0.0710581 0.0995879
56 0.484958 0.540865 0.0819502 0.114698
56 0.875 0.648008 0.123444 0.230082
0 0.625519 0.445742 0.0684647 0.201923
56 0.568724 0.837912 0.16027 0.296703
56 0.733143 0.802198 0.161307 0.315934
