60 0.559388 0.50206 0.0835062 0.0412088
60 0.802127 0.62294 0.116701 0.243132
56 0.684129 0.550824 0.0373444 0.153846
60 0.508039 0.451923 0.123963 0.0728022
74 0.719139 0.247596 0.0368257 0.0542582
56 0.30083 0.510302 0.0591286 0.0714286
60 0.563278 0.648352 0.26556 0.146978
56 0.229772 0.572802 0.0674274 0.175824
56 0.551349 0.446429 0.0404564 0.0865385
60 0.312759 0.610577 0.204357 0.217033
56 0.884855 0.547734 0.0860996 0.095467
56 0.514523 0.415179 0.0311203 0.0322802
56 0.740145 0.587225 0.102697 0.167582
56 0.629149 0.487981 0.0570539 0.0982143
56 0.637707 0.589629 0.0814315 0.0899725
0 0.634855 0.459135 0.0653527 0.147665
0 0.719398 0.486264 0.0778008 0.134615
0 0.497925 0.489354 0.0612033 0.147665
56 0.459544 0.759959 0.149378 0.245192
56 0.559388 0.56044 0.0700208 0.0989011
0 0.26556 0.583791 0.126556 0.254121
56 0.485218 0.540865 0.0824689 0.113324
56 0.874741 0.649725 0.123963 0.225275
56 0.569761 0.840659 0.158195 0.291209
56 0.733402 0.801854 0.160788 0.315247
