60 0.521266 0.504808 0.153527 0.0700549
60 0.800311 0.622596 0.113071 0.243819
56 0.667531 0.507898 0.0363071 0.102335
56 0.514264 0.415179 0.031639 0.0309066
74 0.719139 0.247253 0.0368257 0.0549451
56 0.299274 0.512706 0.0591286 0.073489
60 0.301867 0.615385 0.21473 0.222527
60 0.563537 0.648352 0.265042 0.149725
56 0.505446 0.440247 0.0503112 0.081044
62 0.299274 0.513049 0.0591286 0.0741758
56 0.884855 0.545673 0.0860996 0.0927198
56 0.240405 0.616758 0.0969917 0.217033
56 0.73833 0.586195 0.107365 0.166896
56 0.487293 0.540865 0.0793568 0.103709
56 0.547199 0.445398 0.0466805 0.0858516
56 0.63278 0.482486 0.0497925 0.0927198
0 0.718361 0.488668 0.0767635 0.14217
56 0.549015 0.561126 0.0938797 0.0989011
56 0.638226 0.589286 0.0824689 0.0892857
56 0.456432 0.759959 0.142116 0.245192
56 0.875 0.649382 0.123444 0.227335
56 0.570539 0.842033 0.158714 0.288462
56 0.733402 0.793613 0.160788 0.296016
