60 0.489627 0.444368 0.0881743 0.0796703
60 0.520747 0.504808 0.153527 0.0728022
60 0.79694 0.623283 0.106328 0.245192
56 0.668309 0.510646 0.0368257 0.0968407
56 0.885633 0.546016 0.0866183 0.0934066
56 0.514523 0.415179 0.0311203 0.0309066
60 0.302386 0.615385 0.213693 0.223901
60 0.563537 0.649725 0.265042 0.156593
62 0.299533 0.512706 0.05861 0.073489
74 0.719139 0.246909 0.0368257 0.0542582
56 0.505446 0.43956 0.0503112 0.0796703
56 0.299274 0.513049 0.0591286 0.0741758
56 0.239627 0.616415 0.0954357 0.216346
56 0.54694 0.445398 0.0471992 0.084478
56 0.736255 0.587912 0.0990664 0.166209
0 0.71888 0.486607 0.0757261 0.140797
56 0.632521 0.482143 0.0492739 0.092033
56 0.487293 0.541552 0.0793568 0.103709
56 0.550311 0.56147 0.090249 0.0982143
56 0.638226 0.589629 0.0824689 0.0885989
56 0.874741 0.63908 0.123963 0.24794
56 0.464471 0.759615 0.159232 0.244505
56 0.569761 0.841346 0.159232 0.289835
56 0.733402 0.802885 0.160788 0.31456
