60 0.799533 0.623283 0.112552 0.242445
63 0.299533 0.513393 0.0596473 0.0748626
60 0.507261 0.451923 0.124481 0.0728022
56 0.66416 0.507898 0.0306017 0.0968407
56 0.683351 0.547047 0.0357884 0.158654
60 0.563797 0.650412 0.264523 0.149725
74 0.719398 0.247253 0.0363071 0.0535714
62 0.299793 0.513049 0.0591286 0.0741758
60 0.303683 0.615728 0.2111 0.223214
56 0.299533 0.513393 0.0596473 0.0748626
56 0.548496 0.446085 0.0440871 0.0872253
56 0.234699 0.609203 0.0866183 0.203297
56 0.884855 0.549451 0.0860996 0.0989011
56 0.514523 0.415522 0.0311203 0.0315934
56 0.741183 0.587225 0.0995851 0.167582
0 0.727178 0.486607 0.06639 0.138049
56 0.632261 0.481799 0.0497925 0.0927198
0 0.497666 0.491071 0.0606846 0.144231
56 0.55861 0.56044 0.0726141 0.100275
56 0.637967 0.589629 0.0809129 0.0885989
56 0.458506 0.760302 0.147303 0.244505
56 0.480809 0.545673 0.0850622 0.117445
56 0.874481 0.650069 0.124481 0.225962
56 0.569761 0.84169 0.158195 0.290522
56 0.733662 0.802885 0.161307 0.31456
