60 0.559129 0.502404 0.0798755 0.040522
56 0.667531 0.508585 0.0363071 0.0982143
60 0.798755 0.62294 0.109959 0.243132
60 0.509336 0.450893 0.122407 0.073489
60 0.301608 0.615728 0.215249 0.223214
60 0.563278 0.649382 0.266598 0.149038
56 0.550571 0.446085 0.0409751 0.0858516
74 0.719398 0.247596 0.0363071 0.0542582
56 0.885114 0.54842 0.0855809 0.0982143
56 0.235996 0.612637 0.0892116 0.210165
56 0.299533 0.513049 0.0596473 0.0741758
56 0.514523 0.415179 0.0311203 0.0322802
56 0.740405 0.586882 0.102178 0.161401
0 0.720695 0.486951 0.0762448 0.137363
0 0.497925 0.490385 0.0622407 0.151099
56 0.63278 0.481456 0.0487552 0.092033
56 0.637707 0.589629 0.0814315 0.0899725
56 0.458766 0.760302 0.147822 0.244505
56 0.559907 0.560783 0.0700208 0.0995879
56 0.485218 0.540522 0.0824689 0.115385
56 0.873963 0.648008 0.125519 0.230082
56 0.57028 0.842376 0.158195 0.287775
56 0.733662 0.802198 0.161307 0.315934
