60 0.489108 0.441964 0.0829876 0.0803571
60 0.790975 0.560096 0.10166 0.120192
56 0.690093 0.598901 0.0803942 0.135989
56 0.723548 0.657624 0.126556 0.12706
60 0.521784 0.507898 0.153527 0.0776099
74 0.719139 0.247596 0.0368257 0.0542582
56 0.514264 0.415179 0.031639 0.0309066
56 0.551867 0.419299 0.0373444 0.0336538
56 0.92972 0.546016 0.0399378 0.0714286
56 0.505446 0.439904 0.0492739 0.0803571
60 0.564834 0.650412 0.26556 0.151099
56 0.235218 0.601992 0.0793568 0.194368
56 0.545124 0.464286 0.0446058 0.0494506
60 0.308351 0.608516 0.214212 0.215659
56 0.300311 0.513049 0.060166 0.0755495
0 0.720436 0.566964 0.142116 0.21772
56 0.635892 0.589629 0.0778008 0.0899725
56 0.633039 0.481456 0.0492739 0.0879121
0 0.852178 0.604396 0.140042 0.274725
56 0.480809 0.544986 0.0829876 0.114698
56 0.466546 0.759959 0.163382 0.245192
0 0.725622 0.480426 0.0643154 0.124313
56 0.55861 0.561126 0.0736515 0.0975275
0 0.912604 0.509615 0.0762448 0.133242
56 0.897822 0.661058 0.144191 0.236951
56 0.57028 0.84169 0.158195 0.289148
56 0.733662 0.801854 0.162344 0.316621
