60 0.521006 0.51408 0.155083 0.0885989
56 0.514523 0.415522 0.0311203 0.0302198
56 0.239627 0.606799 0.0881743 0.205357
60 0.562241 0.648008 0.260373 0.150412
74 0.719139 0.247596 0.0368257 0.0542582
60 0.305498 0.60783 0.219917 0.217033
56 0.505705 0.439904 0.0508299 0.0803571
56 0.300052 0.512706 0.0596473 0.0748626
56 0.740923 0.585852 0.100104 0.164835
56 0.547459 0.445398 0.0461618 0.0858516
0 0.727438 0.484547 0.0741701 0.132555
56 0.461878 0.760646 0.154046 0.246566
56 0.558869 0.561126 0.0741701 0.0975275
56 0.637189 0.588599 0.0814315 0.0906593
56 0.480809 0.544986 0.0829876 0.114698
0 0.647044 0.459821 0.0959544 0.191621
0 0.876037 0.559066 0.120332 0.307692
56 0.569502 0.841346 0.159751 0.289835
56 0.734181 0.801854 0.163382 0.316621
0 0.923236 0.739354 0.15249 0.507555
