60 0.794087 0.558723 0.0954357 0.121566
60 0.521006 0.513049 0.155083 0.0865385
60 0.562759 0.653159 0.261411 0.162088
56 0.238849 0.606113 0.0866183 0.20261
56 0.505187 0.43956 0.0497925 0.081044
56 0.514523 0.415179 0.0311203 0.0309066
56 0.551867 0.419299 0.0373444 0.0336538
74 0.719139 0.247253 0.0368257 0.0549451
56 0.545384 0.463599 0.0451245 0.0508242
60 0.305498 0.608173 0.219917 0.216346
56 0.300311 0.512706 0.060166 0.0748626
56 0.635892 0.588942 0.0788382 0.0885989
0 0.698651 0.546016 0.104772 0.318681
0 0.947095 0.471154 0.105809 0.233516
56 0.558091 0.560783 0.0715768 0.0968407
0 0.849066 0.604052 0.140042 0.275412
56 0.481328 0.544643 0.0840249 0.114011
56 0.632521 0.481456 0.0503112 0.0892857
56 0.465508 0.760302 0.161307 0.244505
56 0.897044 0.661058 0.141598 0.236951
56 0.570021 0.84169 0.158714 0.290522
56 0.732365 0.802885 0.164938 0.313187
