60 0.55861 0.502747 0.0850622 0.0412088
60 0.798236 0.623283 0.109959 0.243819
56 0.684388 0.550824 0.0357884 0.151099
60 0.508039 0.45158 0.123963 0.073489
56 0.300571 0.510302 0.0596473 0.0714286
74 0.719398 0.247596 0.0363071 0.0542582
60 0.563278 0.648008 0.26556 0.147665
56 0.55083 0.446085 0.0404564 0.0858516
56 0.229253 0.574519 0.0653527 0.17239
56 0.884855 0.544986 0.0860996 0.0913462
60 0.313278 0.61092 0.204357 0.21772
56 0.632002 0.488668 0.0627593 0.0968407
56 0.514523 0.415179 0.0311203 0.0322802
56 0.739367 0.585852 0.103216 0.171703
0 0.634336 0.457074 0.0643154 0.140797
0 0.719917 0.492445 0.0788382 0.148352
0 0.497925 0.487981 0.0612033 0.144918
56 0.637707 0.589629 0.0814315 0.0899725
0 0.26556 0.585508 0.124481 0.257555
56 0.458247 0.760302 0.14471 0.244505
56 0.559647 0.560783 0.0705394 0.0995879
56 0.485218 0.540865 0.0824689 0.114698
56 0.874222 0.649038 0.125 0.228022
56 0.569761 0.841003 0.159232 0.291896
56 0.733143 0.802885 0.161307 0.31456
