60 0.559129 0.50206 0.0829876 0.0412088
60 0.801867 0.623283 0.116183 0.243819
56 0.684129 0.550824 0.0373444 0.153846
56 0.301089 0.510646 0.05861 0.0721154
60 0.508299 0.451236 0.123444 0.0728022
74 0.719139 0.247253 0.0368257 0.0549451
60 0.563278 0.648695 0.26556 0.149038
56 0.23029 0.571085 0.0684647 0.176511
56 0.885373 0.541896 0.0860996 0.0851648
56 0.551089 0.446085 0.0409751 0.0858516
60 0.3125 0.610234 0.204876 0.216346
56 0.629409 0.487981 0.0575726 0.0968407
56 0.514264 0.415179 0.031639 0.0322802
56 0.739367 0.585852 0.104253 0.174451
56 0.637707 0.589973 0.0814315 0.0892857
0 0.497666 0.487637 0.061722 0.141484
0 0.719917 0.492788 0.0788382 0.149038
0 0.633817 0.462569 0.0653527 0.144918
56 0.459025 0.760302 0.14834 0.245879
56 0.559388 0.560783 0.0700208 0.0982143
0 0.26556 0.583448 0.125519 0.254808
56 0.874741 0.644231 0.123963 0.236264
56 0.485218 0.541209 0.0824689 0.114011
56 0.57028 0.841346 0.158195 0.291209
56 0.733143 0.802541 0.161307 0.315247
