60 0.489367 0.441621 0.0835062 0.0796703
60 0.521006 0.512706 0.155083 0.0858516
56 0.681795 0.581044 0.0783195 0.167582
63 0.791494 0.557692 0.0975104 0.122253
60 0.791753 0.558379 0.0969917 0.122253
0 0.833247 0.478022 0.0461618 0.134615
56 0.690871 0.457761 0.0238589 0.0267857
56 0.514523 0.415179 0.0311203 0.0309066
56 0.684388 0.486951 0.0160788 0.0357143
74 0.719139 0.247596 0.0368257 0.0542582
56 0.23833 0.605769 0.0855809 0.201923
56 0.505187 0.439904 0.0497925 0.0803571
60 0.563797 0.651442 0.264523 0.15728
60 0.305757 0.608516 0.219398 0.215659
56 0.547199 0.445055 0.0466805 0.0851648
56 0.300311 0.512363 0.0591286 0.0741758
56 0.947873 0.542582 0.0637967 0.0741758
56 0.668828 0.53022 0.0451245 0.0673077
0 0.732106 0.552885 0.112552 0.245879
56 0.636411 0.589286 0.0798755 0.0892857
56 0.897822 0.667582 0.143154 0.226648
56 0.457988 0.760646 0.145228 0.245192
0 0.850363 0.605082 0.14056 0.273352
56 0.63278 0.481456 0.0508299 0.0892857
56 0.481068 0.544986 0.0835062 0.114698
56 0.559129 0.561126 0.0715768 0.0975275
0 0.884595 0.492788 0.0720954 0.166896
0 0.712656 0.461538 0.0477178 0.0851648
56 0.570021 0.841346 0.158714 0.291209
56 0.733143 0.801511 0.163382 0.315934
