60 0.489367 0.442651 0.0835062 0.0776099
60 0.79305 0.559753 0.10166 0.123626
56 0.698651 0.618819 0.0746888 0.101648
60 0.521525 0.511676 0.155083 0.0837912
56 0.237811 0.605082 0.0845436 0.201923
74 0.719139 0.247253 0.0368257 0.0549451
56 0.929201 0.547734 0.0409751 0.0707418
60 0.564575 0.651442 0.265042 0.151786
56 0.514523 0.415179 0.0311203 0.0309066
56 0.505705 0.439904 0.0497925 0.0803571
60 0.305239 0.607143 0.220436 0.218407
56 0.300052 0.512706 0.0596473 0.0748626
56 0.547459 0.445055 0.0461618 0.0851648
56 0.637707 0.589286 0.0814315 0.0892857
0 0.709544 0.548764 0.119295 0.217033
56 0.457469 0.759615 0.146266 0.243132
56 0.633039 0.482143 0.0492739 0.0906593
56 0.558351 0.561126 0.0731328 0.0975275
0 0.85166 0.606799 0.142116 0.278159
56 0.48055 0.544643 0.0824689 0.114011
0 0.916234 0.510646 0.0689834 0.139423
0 0.728994 0.478709 0.0554979 0.120879
56 0.898081 0.661401 0.142635 0.236264
56 0.57028 0.842376 0.159232 0.289148
56 0.733921 0.801511 0.162863 0.315934
