60 0.490145 0.444025 0.0881743 0.0803571
60 0.791494 0.559753 0.10166 0.118132
60 0.521784 0.505838 0.153527 0.073489
74 0.719139 0.247596 0.0368257 0.0542582
56 0.236774 0.604739 0.0824689 0.201236
56 0.505446 0.43956 0.0492739 0.0796703
56 0.514523 0.415179 0.0311203 0.0309066
56 0.92972 0.54636 0.0399378 0.0707418
60 0.564575 0.651099 0.266079 0.151099
60 0.305757 0.60783 0.219398 0.217033
56 0.547199 0.445398 0.0456432 0.084478
56 0.300311 0.512706 0.060166 0.0748626
56 0.636151 0.589286 0.0793568 0.0892857
0 0.721473 0.555288 0.135892 0.225962
56 0.633299 0.482486 0.0518672 0.0899725
0 0.912604 0.509615 0.0762448 0.134615
56 0.558869 0.561126 0.0720954 0.0975275
0 0.852438 0.604396 0.139523 0.276099
56 0.480809 0.544986 0.0829876 0.114698
56 0.463434 0.760302 0.157158 0.244505
0 0.729512 0.480769 0.0565353 0.125
56 0.898081 0.661401 0.142635 0.236264
56 0.570021 0.842033 0.158714 0.288462
56 0.733921 0.801168 0.162863 0.317995
