60 0.522044 0.512019 0.155083 0.0803571
74 0.719139 0.247596 0.0368257 0.0542582
60 0.563278 0.648695 0.261411 0.153159
56 0.668568 0.507555 0.033195 0.100275
60 0.34362 0.566621 0.14471 0.178571
56 0.343102 0.563874 0.145747 0.181319
56 0.505705 0.439217 0.0497925 0.0803571
62 0.091027 0.510302 0.181017 0.465659
56 0.515041 0.415179 0.0311203 0.0309066
56 0.545124 0.466003 0.0435685 0.0446429
56 0.686722 0.542926 0.0404564 0.162775
56 0.885373 0.541896 0.0850622 0.0851648
56 0.547977 0.419643 0.028527 0.032967
56 0.300052 0.511676 0.0596473 0.0741758
0 0.709284 0.479396 0.0513485 0.120879
0 0.59388 0.416552 0.0705394 0.160027
56 0.636151 0.483173 0.0471992 0.0872253
56 0.558869 0.56044 0.0741701 0.0961538
56 0.637448 0.589629 0.0819502 0.0885989
56 0.48055 0.544643 0.0824689 0.114011
0 0.752853 0.601305 0.145747 0.408654
56 0.458506 0.759959 0.146266 0.243819
56 0.870332 0.648008 0.133817 0.231456
56 0.570021 0.841346 0.158714 0.291209
56 0.733921 0.801168 0.162863 0.317995
0 0.234699 0.663118 0.17583 0.414148
