60 0.390054 0.573317 0.180108 0.190865
56 0.506183 0.439904 0.0301075 0.0903846
60 0.395027 0.822356 0.170161 0.349519
56 0.133737 0.475481 0.0459677 0.135577
62 0.0321237 0.153125 0.0271505 0.0360577
56 0.16371 0.451202 0.0510753 0.170673
56 0.573521 0.514183 0.0723118 0.173558
56 0.259005 0.514904 0.0594086 0.123077
56 0.529301 0.446635 0.0327957 0.105769
56 0.63172 0.465625 0.055914 0.117788
0 0.732124 0.491106 0.0782258 0.226442
0 0.380914 0.38125 0.0430108 0.115385
56 0.778763 0.558654 0.0543011 0.178846
56 0.506586 0.605529 0.0986559 0.20625
0 0.334409 0.451923 0.0747312 0.136538
56 0.668145 0.627644 0.107796 0.228365
56 0.524328 0.764904 0.13414 0.361538
0 0.457124 0.416587 0.0465054 0.117788
56 0.0860215 0.691346 0.13871 0.266346
