60 0.509077 0.449519 0.125 0.0803571
60 0.802905 0.623283 0.119295 0.243819
56 0.684129 0.548764 0.0363071 0.15522
74 0.719139 0.247596 0.0357884 0.0542582
62 0.309388 0.508242 0.0420124 0.0673077
56 0.309647 0.508242 0.0414938 0.0673077
60 0.562759 0.650412 0.264523 0.148352
56 0.549015 0.446429 0.0451245 0.0865385
63 0.309129 0.508585 0.0414938 0.0693681
56 0.229772 0.601305 0.0684647 0.171016
56 0.884855 0.547734 0.0860996 0.0968407
56 0.630965 0.487981 0.0606846 0.0927198
56 0.739886 0.585165 0.104253 0.173077
60 0.3361 0.612637 0.16805 0.214286
0 0.721732 0.496223 0.0741701 0.155907
0 0.64056 0.430632 0.0757261 0.193681
56 0.638226 0.589973 0.0814315 0.0892857
56 0.460581 0.760646 0.151452 0.245192
56 0.553683 0.560783 0.0814315 0.0995879
56 0.473029 0.549451 0.0840249 0.123626
0 0.504668 0.477679 0.0736515 0.17239
0 0.266079 0.562843 0.110996 0.275412
56 0.874481 0.649382 0.124481 0.227335
56 0.569243 0.837569 0.16027 0.29739
56 0.733402 0.801854 0.160788 0.315247
