56 0.899118 0.541552 0.114627 0.084478
56 0.546162 0.463255 0.0414938 0.0487637
63 0.510633 0.414148 0.0274896 0.0315934
56 0.586359 0.522321 0.0254149 0.0666209
56 0.23418 0.599588 0.0772822 0.190934
56 0.510892 0.414492 0.026971 0.0322802
60 0.565093 0.648352 0.264004 0.148352
60 0.307573 0.608173 0.215768 0.214973
56 0.721214 0.513049 0.0783195 0.0865385
56 0.706691 0.475962 0.0554979 0.0645604
0 0.542531 0.429602 0.0508299 0.10783
56 0.300311 0.511676 0.060166 0.0755495
56 0.633558 0.481113 0.0503112 0.0899725
56 0.471732 0.544299 0.064834 0.116071
0 0.557573 0.723214 0.160788 0.307692
56 0.884077 0.651442 0.138485 0.238324
56 0.71473 0.588942 0.090249 0.173764
56 0.637707 0.589286 0.0814315 0.0906593
56 0.433869 0.737294 0.0990664 0.199863
0 0.546421 0.529533 0.0907676 0.142857
56 0.542531 0.848214 0.154564 0.293956
56 0.733143 0.802198 0.162344 0.31456
