60 0.791753 0.560096 0.102178 0.118819
60 0.520747 0.512363 0.155602 0.0851648
56 0.723548 0.662775 0.127593 0.119505
74 0.719139 0.247253 0.0368257 0.0549451
56 0.514264 0.415522 0.031639 0.0302198
56 0.240405 0.606456 0.0897303 0.20467
60 0.564315 0.651442 0.264523 0.155907
56 0.658714 0.53125 0.0155602 0.051511
56 0.930239 0.547734 0.0389004 0.0721154
60 0.305757 0.607143 0.219398 0.218407
56 0.505705 0.439904 0.0497925 0.0803571
56 0.300052 0.512363 0.0596473 0.0755495
56 0.635633 0.589286 0.0772822 0.0892857
0 0.715249 0.557692 0.121369 0.226648
56 0.547199 0.445398 0.0466805 0.0858516
56 0.633039 0.481799 0.0503112 0.0885989
56 0.557054 0.561126 0.0757261 0.0975275
56 0.481068 0.544643 0.0835062 0.115385
0 0.729772 0.482486 0.0549793 0.128434
0 0.91027 0.510302 0.0736515 0.134615
56 0.461618 0.759615 0.154564 0.244505
0 0.852178 0.607486 0.140042 0.276786
56 0.897822 0.661058 0.143154 0.236951
56 0.570539 0.84375 0.157676 0.285027
56 0.733143 0.802198 0.162344 0.31456
