56 0.514523 0.415179 0.0311203 0.0309066
60 0.521266 0.512706 0.154564 0.0858516
74 0.719139 0.247596 0.0368257 0.0542582
56 0.238849 0.605769 0.0866183 0.203297
60 0.564056 0.722527 0.262967 0.300824
60 0.307054 0.608516 0.216805 0.215659
56 0.505705 0.439904 0.0497925 0.0803571
56 0.922977 0.637706 0.061722 0.271291
56 0.300052 0.512706 0.0596473 0.0762363
56 0.636929 0.588942 0.0809129 0.0885989
56 0.547199 0.445398 0.0466805 0.0858516
0 0.831691 0.394574 0.061722 0.105082
56 0.557313 0.56147 0.0762448 0.0968407
0 0.71862 0.468063 0.108402 0.221841
56 0.633299 0.481799 0.0508299 0.0899725
56 0.463434 0.759959 0.157158 0.245192
56 0.480809 0.544643 0.0829876 0.114011
56 0.716805 0.586882 0.096473 0.180632
56 0.734699 0.808379 0.164419 0.304945
0 0.82806 0.646291 0.151971 0.45467
56 0.570799 0.84375 0.157158 0.285027
