60 0.795124 0.622596 0.102697 0.246566
60 0.506743 0.527473 0.124481 0.112637
56 0.514523 0.415179 0.0311203 0.0309066
56 0.235996 0.604739 0.0809129 0.20261
0 0.651193 0.395948 0.0471992 0.109203
60 0.305498 0.607143 0.219917 0.218407
56 0.719658 0.512363 0.0793568 0.0851648
56 0.505705 0.439217 0.0497925 0.0803571
56 0.300052 0.512706 0.0596473 0.0762363
56 0.547459 0.445398 0.0471992 0.0858516
56 0.71473 0.589286 0.090249 0.174451
56 0.452542 0.760302 0.136411 0.245879
0 0.631483 0.453984 0.0793568 0.196429
56 0.883817 0.637019 0.139004 0.268544
56 0.48055 0.544643 0.0824689 0.115385
56 0.741701 0.802541 0.146266 0.313874
0 0.596473 0.740041 0.19917 0.506181
