60 0.810425 0.625 0.134336 0.25
56 0.899896 0.539835 0.113071 0.081044
74 0.719398 0.246909 0.0363071 0.0542582
56 0.240405 0.605426 0.0897303 0.20261
60 0.306017 0.605769 0.21888 0.221154
56 0.721214 0.514766 0.0793568 0.0858516
62 0.515301 0.415865 0.031639 0.0350275
56 0.706691 0.475962 0.0544606 0.0631868
56 0.300311 0.512019 0.0591286 0.0748626
56 0.633558 0.48283 0.0503112 0.092033
0 0.552386 0.423077 0.0684647 0.142857
56 0.423237 0.734203 0.0767635 0.192308
56 0.71499 0.588599 0.0907676 0.174451
56 0.884855 0.650412 0.136929 0.239011
56 0.637448 0.589286 0.0819502 0.0906593
0 0.472251 0.505838 0.0886929 0.194368
56 0.575207 0.880495 0.145228 0.229396
0 0.510373 0.696429 0.178423 0.498626
56 0.732624 0.802198 0.163382 0.31456
