60 0.520747 0.512019 0.153527 0.0858516
74 0.719139 0.247596 0.0368257 0.0542582
56 0.684647 0.491071 0.0155602 0.0467033
0 0.912604 0.496909 0.0596473 0.102335
63 0.795643 0.56044 0.0985477 0.116758
60 0.564575 0.653503 0.264004 0.160027
56 0.514523 0.415179 0.0311203 0.0309066
56 0.955394 0.511332 0.0425311 0.0885989
56 0.691131 0.458104 0.0243776 0.0274725
56 0.635892 0.588942 0.0778008 0.0885989
56 0.23418 0.599931 0.0772822 0.190247
56 0.505705 0.43956 0.0497925 0.081044
60 0.309647 0.608173 0.211618 0.216346
56 0.958247 0.584478 0.0212656 0.0590659
56 0.54694 0.445398 0.0471992 0.0858516
56 0.300052 0.512706 0.0596473 0.0748626
56 0.672718 0.528159 0.0404564 0.0700549
0 0.884336 0.568681 0.149378 0.186813
56 0.884336 0.701923 0.115145 0.160714
56 0.557313 0.561813 0.0741701 0.0975275
56 0.63278 0.48283 0.0518672 0.092033
56 0.481068 0.544299 0.0835062 0.114698
0 0.737552 0.534684 0.129668 0.228709
56 0.463693 0.760302 0.157676 0.244505
0 0.713174 0.470124 0.0497925 0.103709
56 0.569761 0.842376 0.158195 0.289148
56 0.733921 0.801854 0.162863 0.316621
