60 0.50778 0.450206 0.118257 0.0693681
74 0.719398 0.246909 0.0363071 0.0542582
56 0.545124 0.465659 0.0456432 0.043956
56 0.236255 0.603365 0.0814315 0.199863
60 0.564315 0.733173 0.261411 0.309753
60 0.306017 0.60783 0.21888 0.215659
56 0.706172 0.475962 0.0554979 0.0645604
56 0.721214 0.51511 0.0783195 0.0906593
56 0.58195 0.56456 0.0248963 0.092033
56 0.512967 0.415179 0.0311203 0.0322802
56 0.300311 0.512706 0.060166 0.0762363
0 0.544346 0.40728 0.0482365 0.0741758
56 0.633817 0.481799 0.0508299 0.0899725
56 0.637707 0.588942 0.0814315 0.0899725
56 0.71473 0.588599 0.090249 0.173077
56 0.469917 0.544299 0.060166 0.116071
0 0.544865 0.732486 0.163382 0.302885
56 0.884336 0.638736 0.139004 0.263736
56 0.433869 0.735234 0.0990664 0.195742
56 0.541753 0.849245 0.151971 0.291896
0 0.540975 0.53022 0.0871369 0.146978
56 0.733402 0.802541 0.162863 0.315247
