60 0.520747 0.513393 0.154564 0.0885989
56 0.690612 0.457761 0.0233402 0.0267857
56 0.237811 0.606113 0.0845436 0.20261
74 0.719139 0.247253 0.0368257 0.0549451
56 0.514523 0.415522 0.0311203 0.0302198
60 0.563797 0.651442 0.263485 0.155907
56 0.958766 0.583791 0.0212656 0.0576923
56 0.673236 0.53125 0.0414938 0.0776099
56 0.505446 0.439904 0.0503112 0.0803571
0 0.908195 0.49794 0.0736515 0.104396
60 0.305757 0.608173 0.220436 0.216346
56 0.300311 0.512706 0.060166 0.0748626
56 0.547199 0.445398 0.0466805 0.0858516
56 0.636151 0.588599 0.0783195 0.0879121
0 0.881224 0.589629 0.156639 0.231456
56 0.883817 0.701923 0.115145 0.162088
0 0.707988 0.472527 0.0373444 0.10989
56 0.558091 0.56147 0.0736515 0.0968407
56 0.481068 0.544299 0.0835062 0.114698
56 0.633039 0.482143 0.0513485 0.0906593
56 0.459544 0.759615 0.149378 0.244505
0 0.736255 0.550824 0.110477 0.337912
56 0.57028 0.84272 0.159232 0.287088
56 0.733662 0.802198 0.162344 0.31456
