60 0.520228 0.522665 0.154564 0.108516
56 0.794606 0.622253 0.107884 0.243132
56 0.514264 0.415522 0.031639 0.0302198
60 0.563797 0.651442 0.263485 0.147665
56 0.240145 0.606456 0.0892116 0.203297
74 0.719139 0.247596 0.0368257 0.0542582
60 0.305498 0.60783 0.219917 0.217033
56 0.505705 0.43956 0.0497925 0.081044
56 0.951504 0.660027 0.0959544 0.254121
56 0.967064 0.527816 0.031639 0.040522
56 0.300052 0.513049 0.0596473 0.0755495
56 0.547718 0.445055 0.0466805 0.0851648
0 0.762707 0.51614 0.0669087 0.239698
56 0.636151 0.589286 0.0783195 0.0892857
56 0.558869 0.56147 0.0710581 0.0968407
56 0.633039 0.481799 0.0503112 0.0899725
0 0.878631 0.42239 0.0788382 0.131868
56 0.480809 0.544643 0.0829876 0.114011
56 0.46473 0.759615 0.159751 0.244505
0 0.699689 0.554258 0.0985477 0.342033
0 0.907676 0.635302 0.180498 0.383242
56 0.57028 0.842376 0.158195 0.287775
56 0.731846 0.802885 0.167012 0.313187
