60 0.489108 0.441964 0.0829876 0.0789835
63 0.505187 0.439904 0.0508299 0.0789835
60 0.521006 0.513049 0.155083 0.0865385
60 0.794346 0.620536 0.102178 0.241071
56 0.696058 0.603022 0.0767635 0.118132
56 0.514523 0.415179 0.0311203 0.0309066
56 0.235737 0.604052 0.0803942 0.199863
60 0.564315 0.655563 0.264523 0.165522
0 0.912863 0.501374 0.0923237 0.120879
74 0.719139 0.247596 0.0368257 0.0542582
56 0.658973 0.529533 0.0150415 0.0535714
56 0.505446 0.439904 0.0503112 0.0803571
60 0.306276 0.608516 0.218361 0.215659
56 0.635633 0.589973 0.0772822 0.0892857
56 0.300052 0.513049 0.0596473 0.0755495
56 0.547199 0.445055 0.0466805 0.0851648
0 0.873185 0.598214 0.129149 0.266484
56 0.633039 0.481799 0.0503112 0.0885989
0 0.730031 0.481799 0.0544606 0.124313
56 0.55861 0.56147 0.0736515 0.0968407
56 0.480809 0.544643 0.0829876 0.114011
56 0.4611 0.759959 0.15249 0.245192
0 0.708506 0.557692 0.10166 0.226648
56 0.895747 0.661745 0.144191 0.236951
56 0.570021 0.842033 0.158714 0.289835
56 0.733662 0.803228 0.162344 0.3125
