60 0.815353 0.624657 0.146266 0.249313
56 0.899118 0.540522 0.114627 0.0824176
56 0.584025 0.548764 0.0342324 0.116758
56 0.543568 0.461195 0.0446058 0.0446429
56 0.706691 0.475618 0.0544606 0.0611264
56 0.237293 0.604739 0.0835062 0.20261
56 0.722251 0.511676 0.0793568 0.092033
60 0.563797 0.731799 0.260373 0.313874
60 0.306276 0.608516 0.218361 0.214286
56 0.512967 0.415179 0.0311203 0.0322802
56 0.300052 0.512363 0.0596473 0.0755495
0 0.544865 0.409341 0.0482365 0.0782967
56 0.633817 0.48283 0.0508299 0.092033
56 0.637189 0.588942 0.0814315 0.0899725
56 0.715249 0.587912 0.090249 0.174451
0 0.545124 0.73386 0.165975 0.307005
56 0.476141 0.544299 0.0736515 0.116071
56 0.433869 0.737294 0.100104 0.198489
56 0.884077 0.647321 0.138485 0.245192
0 0.549533 0.530563 0.0824689 0.153159
56 0.537604 0.849588 0.14471 0.291209
56 0.733662 0.802198 0.162344 0.31456
