60 0.797199 0.440934 0.145228 0.107143
60 0.370073 0.597184 0.14056 0.210852
56 0.529564 0.385646 0.0228216 0.0309066
60 0.414678 0.400069 0.14056 0.114698
74 0.626037 0.142514 0.0342324 0.0570055
56 0.580913 0.388049 0.0529046 0.0659341
56 0.631743 0.526442 0.090249 0.150412
60 0.748963 0.64217 0.28527 0.210165
56 0.693983 0.446429 0.0705394 0.14011
60 0.520747 0.503434 0.181535 0.167582
56 0.643413 0.399038 0.0596473 0.104396
56 0.256224 0.706387 0.140042 0.198489
56 0.926349 0.627404 0.146266 0.236951
0 0.297718 0.655907 0.251037 0.332418
56 0.836359 0.406937 0.0544606 0.0721154
56 0.859959 0.481113 0.105809 0.155907
0 0.697873 0.392514 0.0627593 0.133929
56 0.457469 0.367788 0.0580913 0.105082
0 0.57417 0.354396 0.063278 0.122253
56 0.864627 0.755151 0.185685 0.205357
0 0.508299 0.447115 0.0788382 0.18956
56 0.751556 0.504808 0.104772 0.0769231
56 0.398081 0.376374 0.0503112 0.125
56 0.510373 0.518887 0.0757261 0.143544
56 0.303942 0.544299 0.104772 0.138049
56 0.71499 0.740385 0.169606 0.212912
