60 0.415197 0.396978 0.141598 0.125
56 0.513485 0.393201 0.0549793 0.0487637
60 0.365923 0.675824 0.157158 0.346154
74 0.626037 0.142514 0.0342324 0.0570055
62 0.836359 0.405907 0.0534232 0.0700549
56 0.632261 0.531937 0.0892116 0.158654
60 0.749222 0.641827 0.285788 0.209478
56 0.576245 0.384959 0.0518672 0.0679945
56 0.643932 0.397665 0.061722 0.101648
56 0.8361 0.405907 0.0549793 0.0700549
60 0.521784 0.502404 0.176349 0.171016
56 0.456432 0.368475 0.0570539 0.106456
56 0.858143 0.480769 0.110477 0.15522
0 0.707728 0.393201 0.064834 0.140797
56 0.926349 0.632555 0.147303 0.23489
56 0.695799 0.43647 0.0710581 0.116071
56 0.751297 0.504808 0.103216 0.0769231
56 0.86333 0.756868 0.182054 0.203297
56 0.39834 0.37603 0.0508299 0.12294
56 0.515819 0.477679 0.0731328 0.219093
56 0.291234 0.559753 0.0990664 0.164835
56 0.711359 0.739698 0.173755 0.215659
56 0.256224 0.691621 0.134855 0.267857
