60 0.414938 0.396978 0.142116 0.127747
56 0.8361 0.405907 0.0549793 0.0700549
56 0.513485 0.393201 0.0549793 0.0487637
74 0.625778 0.142514 0.034751 0.0570055
60 0.366183 0.676511 0.156639 0.34478
56 0.632521 0.590316 0.0876556 0.276786
56 0.575985 0.384615 0.0523859 0.0686813
62 0.836359 0.40625 0.0534232 0.0707418
60 0.748963 0.64217 0.286307 0.210165
56 0.643154 0.398695 0.0622407 0.103709
60 0.521525 0.502404 0.17583 0.169643
56 0.695799 0.436813 0.0720954 0.118132
56 0.927127 0.630495 0.145747 0.239011
56 0.85944 0.480769 0.107884 0.156593
0 0.701504 0.39217 0.0679461 0.138736
56 0.45695 0.367445 0.0580913 0.104396
56 0.515819 0.477679 0.0731328 0.214973
56 0.751297 0.504808 0.104253 0.0769231
56 0.398081 0.37603 0.0513485 0.12294
56 0.863849 0.753091 0.185166 0.209478
56 0.713434 0.739354 0.172718 0.214973
56 0.290197 0.565591 0.100104 0.173764
56 0.256483 0.692308 0.136411 0.267857
