60 0.415716 0.395948 0.142635 0.128434
60 0.487033 0.504121 0.108921 0.173077
60 0.367479 0.675824 0.15612 0.34478
56 0.508817 0.464629 0.060166 0.205357
74 0.626037 0.142857 0.0342324 0.0563187
62 0.836618 0.405563 0.0529046 0.0693681
56 0.513485 0.393201 0.0549793 0.0501374
56 0.643932 0.396635 0.0606846 0.0995879
60 0.748963 0.641484 0.28527 0.210165
56 0.632002 0.59375 0.0866183 0.28228
56 0.836359 0.405563 0.0544606 0.0707418
56 0.926608 0.632212 0.146784 0.236951
56 0.85944 0.480426 0.106846 0.155907
56 0.45721 0.368132 0.05861 0.105769
0 0.698911 0.391484 0.0627593 0.134615
56 0.694502 0.433723 0.0715768 0.117445
56 0.86333 0.757555 0.182054 0.200549
56 0.752075 0.504808 0.103734 0.0769231
56 0.396266 0.37603 0.0549793 0.12294
56 0.713693 0.739698 0.167012 0.212912
56 0.258817 0.691621 0.141079 0.267857
56 0.290975 0.562157 0.0995851 0.169643
0 0.550311 0.490385 0.10166 0.289835
