60 0.414938 0.396291 0.142116 0.126374
56 0.513485 0.392857 0.0549793 0.0494506
60 0.365664 0.676511 0.155602 0.346154
74 0.625778 0.142857 0.034751 0.0563187
56 0.576764 0.384959 0.0508299 0.0679945
62 0.836618 0.406593 0.0529046 0.0714286
56 0.8361 0.406937 0.0549793 0.0721154
60 0.748963 0.64217 0.286307 0.211538
56 0.642894 0.397665 0.0627593 0.101648
56 0.631743 0.527816 0.0881743 0.150412
56 0.926608 0.630838 0.146784 0.235577
60 0.521784 0.501717 0.176349 0.169643
56 0.456691 0.368132 0.0575726 0.105769
56 0.85944 0.480426 0.107884 0.155907
0 0.698392 0.389766 0.0627593 0.131181
56 0.694502 0.435096 0.0726141 0.113324
56 0.86333 0.757212 0.182054 0.20261
56 0.51556 0.477679 0.0736515 0.21772
56 0.751556 0.504808 0.104772 0.0769231
56 0.396784 0.375343 0.0549793 0.12294
56 0.290975 0.562843 0.0995851 0.171016
56 0.713693 0.740041 0.172199 0.214973
56 0.256743 0.691277 0.136929 0.26717
