60 0.414678 0.393887 0.141598 0.121566
60 0.528268 0.481113 0.210062 0.110577
74 0.626037 0.142857 0.0342324 0.0563187
62 0.836359 0.40625 0.0534232 0.0707418
56 0.375 0.676511 0.140042 0.340659
56 0.643413 0.395261 0.061722 0.095467
60 0.748703 0.641484 0.285788 0.208791
56 0.632261 0.527816 0.090249 0.151786
0 0.496888 0.449176 0.0560166 0.196429
56 0.490923 0.520261 0.0378631 0.139423
56 0.8361 0.406593 0.0549793 0.0714286
56 0.694761 0.434409 0.0689834 0.114698
56 0.859699 0.481113 0.107365 0.155907
0 0.700207 0.393544 0.06639 0.138736
56 0.927386 0.632555 0.145228 0.236264
56 0.457469 0.367788 0.0591286 0.106456
56 0.300052 0.550824 0.10944 0.146978
56 0.751815 0.504808 0.104253 0.0769231
56 0.86333 0.753777 0.186203 0.208104
56 0.396266 0.37603 0.0539419 0.12294
56 0.713952 0.739698 0.168568 0.214286
0 0.544346 0.517857 0.106328 0.368132
0 0.267116 0.750343 0.201245 0.485577
