60 0.622666 0.342033 0.094917 0.0233516
60 0.369554 0.596841 0.14056 0.210165
60 0.414419 0.398352 0.141079 0.118132
56 0.378112 0.675824 0.127593 0.318681
74 0.626037 0.142514 0.0342324 0.0570055
56 0.584544 0.391827 0.0570539 0.073489
60 0.749481 0.642514 0.286307 0.209478
60 0.522044 0.503091 0.183091 0.164148
56 0.632002 0.527816 0.0907676 0.153159
56 0.694243 0.433379 0.0689834 0.108516
56 0.858921 0.480426 0.108921 0.155907
56 0.926608 0.627404 0.146784 0.23283
56 0.257261 0.706387 0.142116 0.199863
0 0.508039 0.448146 0.0783195 0.191621
56 0.8361 0.406593 0.0549793 0.0714286
0 0.296681 0.654533 0.247925 0.326923
0 0.699948 0.392514 0.064834 0.136676
56 0.641338 0.399382 0.0637967 0.105082
56 0.751556 0.504808 0.104772 0.0769231
56 0.457469 0.368475 0.0591286 0.10783
56 0.398081 0.37603 0.0513485 0.124313
56 0.864627 0.755151 0.18361 0.205357
0 0.552386 0.322802 0.0715768 0.182692
56 0.303164 0.546703 0.107365 0.141484
56 0.510114 0.520261 0.0752075 0.14217
56 0.713952 0.740728 0.169606 0.213599
