60 0.41416 0.396635 0.141598 0.118819
60 0.365923 0.675824 0.15612 0.34478
56 0.53138 0.385302 0.0202282 0.0302198
74 0.625778 0.142514 0.034751 0.0570055
62 0.836359 0.406593 0.0534232 0.0714286
56 0.8361 0.406593 0.0549793 0.0728022
60 0.748963 0.641827 0.286307 0.209478
56 0.633299 0.596497 0.0881743 0.291896
60 0.521784 0.503777 0.182573 0.173764
56 0.576764 0.385302 0.0529046 0.0673077
56 0.693983 0.439217 0.0695021 0.125687
56 0.641857 0.399038 0.0637967 0.104396
56 0.856846 0.480769 0.113071 0.156593
56 0.926349 0.629808 0.146266 0.23489
0 0.698651 0.391827 0.0622407 0.136676
0 0.509077 0.447115 0.0772822 0.193681
56 0.457469 0.368475 0.0580913 0.106456
56 0.510114 0.518544 0.0752075 0.144231
56 0.863589 0.757555 0.181535 0.201923
56 0.751297 0.504808 0.104253 0.0769231
56 0.396784 0.375687 0.0539419 0.123626
56 0.713434 0.743819 0.170643 0.207418
56 0.290975 0.56044 0.0995851 0.166209
56 0.257261 0.691621 0.136929 0.267857
