60 0.414678 0.395948 0.141598 0.120192
60 0.387707 0.665179 0.116701 0.345467
56 0.529564 0.385646 0.0228216 0.0336538
60 0.522303 0.501374 0.184647 0.167582
60 0.748963 0.641827 0.28527 0.209478
56 0.633299 0.59478 0.0892116 0.288462
56 0.26971 0.51408 0.0570539 0.073489
56 0.64471 0.395604 0.0570539 0.0989011
56 0.694761 0.457418 0.0700208 0.162088
56 0.926867 0.630151 0.146266 0.238324
56 0.8361 0.405907 0.0549793 0.0700549
0 0.700207 0.393887 0.06639 0.140797
56 0.858143 0.480426 0.110477 0.155907
56 0.257521 0.663118 0.143672 0.308379
0 0.604253 0.404533 0.0705394 0.298077
0 0.508299 0.447459 0.0788382 0.190247
56 0.45721 0.368475 0.05861 0.106456
56 0.396525 0.375687 0.0544606 0.123626
56 0.751297 0.504808 0.10529 0.0769231
56 0.864627 0.751717 0.184647 0.213599
56 0.510114 0.520261 0.0752075 0.14217
56 0.714212 0.740041 0.16805 0.214973
0 0.324429 0.648352 0.168568 0.287088
