60 0.414678 0.398008 0.141598 0.117445
56 0.530602 0.385989 0.0207469 0.0315934
56 0.369813 0.682349 0.147303 0.330357
60 0.521525 0.505495 0.185166 0.171703
74 0.626297 0.142514 0.034751 0.0570055
60 0.366183 0.676854 0.153527 0.344093
56 0.575467 0.384615 0.0534232 0.0673077
56 0.632261 0.528503 0.090249 0.151786
0 0.510373 0.451236 0.0757261 0.190934
60 0.748963 0.643201 0.286307 0.210852
56 0.694761 0.433036 0.0689834 0.116071
56 0.83584 0.405907 0.0544606 0.0714286
0 0.70695 0.392514 0.060166 0.14217
56 0.856587 0.480769 0.113589 0.156593
56 0.642376 0.400069 0.0637967 0.106456
56 0.926867 0.631525 0.146266 0.238324
56 0.752075 0.505151 0.103734 0.0776099
56 0.457728 0.367788 0.05861 0.105082
56 0.862811 0.758929 0.178942 0.199176
56 0.396784 0.375687 0.0539419 0.123626
56 0.290197 0.558723 0.098029 0.162775
56 0.714471 0.740041 0.170643 0.213599
56 0.257521 0.692308 0.137448 0.269231
56 0.508817 0.529876 0.0809129 0.143544
