60 0.367479 0.658997 0.149896 0.32761
60 0.822355 0.468063 0.0866183 0.0364011
60 0.415197 0.393887 0.141598 0.121566
56 0.513226 0.393201 0.0554979 0.0487637
74 0.626297 0.14217 0.034751 0.0576923
56 0.676867 0.459135 0.0373444 0.162775
0 0.821058 0.380838 0.0414938 0.084478
56 0.633039 0.525412 0.0928423 0.146978
56 0.578838 0.384615 0.0529046 0.0700549
56 0.642376 0.398352 0.0637967 0.103022
56 0.927645 0.613324 0.143672 0.193681
60 0.747666 0.641827 0.283714 0.206731
0 0.848548 0.418613 0.093361 0.120192
0 0.704098 0.38908 0.061722 0.132555
56 0.507261 0.478709 0.0715768 0.221154
56 0.45695 0.368819 0.0580913 0.107143
60 0.522822 0.507898 0.179461 0.177885
56 0.887189 0.506181 0.098029 0.199176
56 0.742998 0.505151 0.0762448 0.0748626
0 0.770488 0.396978 0.126037 0.162088
56 0.396525 0.375687 0.0544606 0.123626
56 0.300311 0.68853 0.23444 0.274038
56 0.291753 0.560096 0.100104 0.168269
56 0.864627 0.74794 0.186722 0.221154
56 0.713952 0.740385 0.168568 0.214286
