60 0.79694 0.43647 0.122925 0.102335
60 0.414678 0.394574 0.141598 0.12294
60 0.365664 0.599245 0.15249 0.21772
56 0.513485 0.392857 0.0560166 0.0494506
56 0.677386 0.459821 0.0363071 0.162775
74 0.626297 0.14217 0.034751 0.0576923
56 0.632521 0.525755 0.091805 0.147665
60 0.748444 0.641827 0.284232 0.206731
56 0.579357 0.383929 0.0529046 0.0700549
56 0.745073 0.506525 0.0824689 0.073489
56 0.928164 0.628091 0.142635 0.228709
60 0.522303 0.506868 0.179461 0.179945
56 0.45695 0.368819 0.0580913 0.107143
0 0.844139 0.451236 0.102178 0.184066
0 0.698911 0.360234 0.0503112 0.073489
56 0.886929 0.506868 0.0975104 0.199176
56 0.506743 0.479739 0.0726141 0.224588
56 0.643413 0.399725 0.0637967 0.105769
0 0.727956 0.413118 0.0741701 0.118819
0 0.827023 0.373626 0.064834 0.0879121
56 0.299274 0.68853 0.232365 0.274038
56 0.396525 0.375 0.0554979 0.122253
56 0.864108 0.74897 0.185685 0.219093
56 0.292531 0.56044 0.10166 0.168956
56 0.713434 0.739698 0.17168 0.215659
