60 0.796162 0.439904 0.143154 0.105082
60 0.370851 0.597184 0.142116 0.210852
60 0.414678 0.398352 0.141598 0.115385
56 0.53112 0.386332 0.0197095 0.0309066
74 0.626037 0.142514 0.0342324 0.0570055
56 0.580654 0.387019 0.0513485 0.0666209
60 0.748963 0.641827 0.286307 0.209478
56 0.632521 0.527129 0.0897303 0.150412
60 0.521006 0.502747 0.181017 0.167582
56 0.255187 0.705357 0.142116 0.201923
62 0.836359 0.40625 0.0534232 0.0707418
56 0.694243 0.4375 0.0700208 0.120879
56 0.926608 0.631868 0.146784 0.233516
56 0.642894 0.399038 0.0606846 0.104396
0 0.298496 0.65728 0.249481 0.332418
0 0.697614 0.390453 0.0612033 0.132555
56 0.858402 0.480769 0.108921 0.156593
0 0.573911 0.355426 0.0627593 0.120192
56 0.863589 0.756181 0.181535 0.20467
56 0.457728 0.367788 0.05861 0.105082
0 0.508039 0.446085 0.0793568 0.188874
56 0.751556 0.504808 0.104772 0.0769231
56 0.398081 0.376717 0.0513485 0.125687
56 0.304201 0.545673 0.104253 0.140797
56 0.510114 0.520604 0.0752075 0.141484
56 0.71499 0.740041 0.172718 0.216346
