60 0.370591 0.597527 0.14056 0.211538
56 0.378371 0.668613 0.129149 0.333104
60 0.414938 0.398695 0.142116 0.120192
74 0.626037 0.14217 0.0342324 0.0576923
56 0.529564 0.385302 0.0228216 0.0315934
56 0.642894 0.397321 0.0606846 0.100962
56 0.581172 0.386332 0.0523859 0.0666209
62 0.836359 0.405907 0.0534232 0.0700549
60 0.748444 0.64217 0.286307 0.210165
56 0.63278 0.595467 0.0892116 0.288462
56 0.83584 0.405907 0.0544606 0.0700549
56 0.694243 0.449863 0.0700208 0.145604
60 0.521266 0.503777 0.181535 0.168269
56 0.926608 0.632212 0.146784 0.236951
0 0.297199 0.652129 0.247925 0.322115
56 0.857365 0.481113 0.112033 0.155907
56 0.257002 0.706731 0.143672 0.200549
0 0.57417 0.354739 0.063278 0.120192
0 0.697355 0.390797 0.061722 0.133242
56 0.457469 0.368475 0.0580913 0.106456
56 0.303683 0.541209 0.104253 0.130495
0 0.508039 0.446772 0.0793568 0.188874
56 0.751297 0.504464 0.10529 0.0776099
56 0.397822 0.375687 0.0518672 0.123626
56 0.864108 0.754464 0.184647 0.206731
56 0.510114 0.520261 0.0752075 0.14217
56 0.714471 0.741071 0.169606 0.212912
