60 0.365664 0.598901 0.151452 0.215659
60 0.414678 0.393201 0.141598 0.118819
56 0.514264 0.393887 0.0544606 0.0487637
26 0.713174 0.741415 0.175311 0.21772
74 0.626037 0.142857 0.0342324 0.0563187
56 0.585322 0.382898 0.0409751 0.0693681
56 0.882521 0.484203 0.0606846 0.157967
60 0.748185 0.640797 0.286826 0.206044
0 0.548755 0.389766 0.0684647 0.296016
56 0.642376 0.399038 0.0627593 0.104396
60 0.522562 0.503434 0.177905 0.174451
56 0.641079 0.497253 0.0715768 0.092033
56 0.694502 0.446085 0.0695021 0.139423
56 0.50778 0.464286 0.0695021 0.188187
56 0.456432 0.367788 0.0570539 0.106456
56 0.927645 0.632212 0.14471 0.236951
0 0.698651 0.392857 0.0612033 0.137363
56 0.741961 0.504808 0.0824689 0.0769231
56 0.713174 0.740728 0.175311 0.213599
56 0.864886 0.753777 0.184129 0.208104
56 0.396525 0.37603 0.0544606 0.124313
56 0.293568 0.56044 0.103734 0.168956
56 0.301349 0.688874 0.236515 0.274725
0 0.822873 0.429945 0.115664 0.232143
0 0.522822 0.748283 0.243776 0.448489
