60 0.797718 0.43647 0.126556 0.102335
60 0.414678 0.392857 0.141598 0.119505
56 0.675571 0.419299 0.0337137 0.084478
56 0.513745 0.393201 0.0554979 0.0487637
56 0.742479 0.505838 0.0876556 0.0748626
56 0.634077 0.526099 0.0938797 0.145604
56 0.578579 0.384272 0.0544606 0.0707418
60 0.522303 0.506525 0.179461 0.182005
60 0.747925 0.642514 0.284232 0.208104
0 0.844398 0.448832 0.0995851 0.183379
56 0.926349 0.616758 0.146266 0.212912
56 0.456691 0.367788 0.0575726 0.105082
0 0.698133 0.359203 0.0508299 0.0728022
0 0.73029 0.414148 0.0809129 0.122253
56 0.887707 0.504808 0.098029 0.200549
56 0.507261 0.480426 0.0726141 0.224588
56 0.642116 0.400069 0.0653527 0.106456
0 0.82806 0.373626 0.0679461 0.0892857
56 0.396784 0.376374 0.0539419 0.123626
56 0.865405 0.74794 0.185166 0.221154
56 0.294346 0.560096 0.10529 0.168269
56 0.715249 0.739698 0.171162 0.214286
56 0.301089 0.688187 0.235996 0.274725
