60 0.415716 0.393887 0.143672 0.121566
74 0.626297 0.142857 0.034751 0.0576923
60 0.40249 0.655563 0.108921 0.337225
60 0.748703 0.64114 0.285788 0.208104
56 0.583766 0.389766 0.0523859 0.0638736
56 0.634336 0.596497 0.0840249 0.291896
56 0.642376 0.398695 0.0637967 0.102335
56 0.693465 0.455701 0.0695021 0.160027
56 0.858402 0.480769 0.109959 0.15522
56 0.8361 0.406593 0.0549793 0.0714286
0 0.697873 0.39114 0.0606846 0.133929
56 0.927127 0.633585 0.145747 0.235577
56 0.751297 0.504808 0.10529 0.0769231
56 0.863071 0.758929 0.184647 0.197802
56 0.254149 0.676854 0.144191 0.269918
56 0.457728 0.368475 0.0596473 0.106456
56 0.397303 0.376374 0.0529046 0.123626
56 0.713952 0.739698 0.168568 0.212912
56 0.507002 0.539148 0.0938797 0.167582
0 0.579357 0.296016 0.0529046 0.123626
0 0.320799 0.619849 0.141598 0.352335
0 0.538122 0.444368 0.104253 0.248626
