60 0.364886 0.597871 0.153008 0.214973
60 0.415197 0.394231 0.141598 0.125
56 0.513485 0.392857 0.0549793 0.0494506
56 0.679461 0.457418 0.0435685 0.162088
74 0.626037 0.142514 0.0342324 0.0570055
56 0.741701 0.504808 0.0840249 0.0755495
56 0.577282 0.384615 0.0560166 0.0700549
0 0.697873 0.365385 0.0482365 0.0851648
56 0.643672 0.399382 0.063278 0.105082
56 0.634077 0.597184 0.091805 0.291896
60 0.748185 0.64114 0.284751 0.208104
56 0.926349 0.617102 0.146266 0.206731
60 0.522044 0.507555 0.179979 0.179945
56 0.456432 0.368132 0.0570539 0.105769
0 0.864367 0.419299 0.0565353 0.118819
0 0.855031 0.313187 0.0606846 0.116758
56 0.88667 0.505151 0.098029 0.199863
56 0.507261 0.480082 0.0736515 0.225275
56 0.396266 0.375343 0.0549793 0.12294
56 0.292531 0.56044 0.10166 0.168956
56 0.716027 0.740041 0.173755 0.214973
56 0.864886 0.748283 0.185166 0.220467
56 0.300571 0.68853 0.234958 0.274038
0 0.767635 0.419643 0.153527 0.243132
