56 0.00752688 0.745433 0.0150538 0.0908654
0 0.714247 0.698798 0.153763 0.363942
60 0.377151 0.640385 0.0752688 0.182692
56 0.37621 0.642548 0.0766129 0.180288
56 0.959677 0.563462 0.0795699 0.148077
0 0.741532 0.617788 0.0954301 0.213462
56 0.291667 0.646154 0.0870968 0.173077
60 0.185081 0.796635 0.16371 0.294231
26 0.68871 0.645192 0.0698925 0.108654
56 0.683602 0.534375 0.0494624 0.126442
56 0.285349 0.411058 0.0534946 0.110577
0 0.461559 0.375 0.0430108 0.0980769
0 0.467608 0.447837 0.047043 0.116827
0 0.32379 0.463942 0.0927419 0.165385
56 0.45121 0.63726 0.0787634 0.208173
56 0.131855 0.568269 0.0879032 0.186538
56 0.775538 0.763942 0.114516 0.275
56 0.578495 0.764423 0.103226 0.275
56 0.315591 0.818269 0.125269 0.300962
