60 0.364886 0.59478 0.151971 0.208791
60 0.414678 0.395604 0.141598 0.116758
56 0.513485 0.392857 0.0560166 0.0494506
56 0.71084 0.442651 0.0409751 0.0707418
74 0.626297 0.14217 0.034751 0.0576923
56 0.631224 0.38908 0.0238589 0.0831044
60 0.748185 0.641827 0.286826 0.206731
62 0.834284 0.405907 0.0503112 0.0714286
56 0.578838 0.384272 0.0518672 0.0707418
56 0.927127 0.621223 0.14471 0.227335
60 0.522303 0.506525 0.179461 0.182005
56 0.91027 0.471497 0.0840249 0.139423
56 0.631743 0.594093 0.0860996 0.289835
63 0.834025 0.406593 0.0508299 0.0728022
56 0.456691 0.368132 0.0575726 0.105769
0 0.711618 0.380838 0.033195 0.114698
0 0.667012 0.37397 0.0757261 0.190247
56 0.749741 0.504464 0.100104 0.0762363
0 0.869295 0.436813 0.0840249 0.252747
56 0.506743 0.480769 0.0736515 0.226648
56 0.396525 0.375687 0.0544606 0.123626
56 0.29305 0.559753 0.102697 0.167582
56 0.714471 0.741071 0.169606 0.214286
56 0.865145 0.747596 0.184647 0.220467
56 0.301867 0.68853 0.237552 0.275412
