60 0.808351 0.43544 0.10944 0.100275
60 0.367479 0.657967 0.149896 0.32967
60 0.414938 0.394231 0.141079 0.123626
56 0.513485 0.392857 0.0560166 0.0494506
56 0.676089 0.417926 0.034751 0.084478
74 0.626297 0.142514 0.034751 0.0570055
0 0.844658 0.448832 0.0959544 0.182005
56 0.578579 0.384272 0.0544606 0.0707418
56 0.631743 0.525069 0.090249 0.147665
56 0.643154 0.399382 0.063278 0.105082
60 0.748444 0.641827 0.284232 0.208104
56 0.741701 0.505838 0.0881743 0.0748626
60 0.522562 0.507555 0.178942 0.179945
56 0.926867 0.624313 0.145228 0.222527
0 0.698651 0.367445 0.0508299 0.0865385
56 0.45695 0.367788 0.0580913 0.105082
56 0.506743 0.479052 0.0726141 0.223214
56 0.887189 0.506868 0.0969917 0.197802
0 0.729512 0.419986 0.0658714 0.102335
56 0.299274 0.68853 0.232365 0.274038
56 0.396525 0.375343 0.0554979 0.12294
0 0.827023 0.373626 0.064834 0.0865385
56 0.293309 0.560096 0.103216 0.168269
56 0.864886 0.749657 0.184129 0.216346
56 0.714471 0.739698 0.169606 0.214286
