60 0.365664 0.596841 0.15249 0.212912
60 0.803423 0.458791 0.151452 0.145604
60 0.414938 0.395604 0.141079 0.120879
56 0.878631 0.439217 0.0497925 0.0776099
56 0.633039 0.398695 0.0440871 0.102335
56 0.513745 0.392857 0.0554979 0.0494506
56 0.578579 0.384615 0.0523859 0.0700549
56 0.931535 0.635302 0.135892 0.233516
56 0.633558 0.593063 0.0907676 0.283654
56 0.73055 0.4375 0.0534232 0.0686813
60 0.747925 0.642514 0.284232 0.208104
56 0.456432 0.368132 0.0570539 0.107143
60 0.522562 0.507555 0.178942 0.178571
56 0.848807 0.416552 0.0637967 0.0927198
56 0.744035 0.505151 0.0845436 0.0748626
56 0.507002 0.479739 0.0720954 0.224588
0 0.931017 0.459821 0.129668 0.242445
0 0.750259 0.352335 0.0669087 0.221154
56 0.39834 0.37603 0.0508299 0.124313
56 0.293568 0.560096 0.103734 0.168269
56 0.865145 0.748626 0.184647 0.21978
56 0.300311 0.687843 0.23444 0.275412
0 0.689834 0.35783 0.0871369 0.190934
56 0.714212 0.739698 0.174274 0.214286
