60 0.365923 0.59478 0.151971 0.207418
60 0.79694 0.456731 0.149896 0.153846
56 0.514004 0.392857 0.0549793 0.0494506
74 0.625778 0.142514 0.034751 0.0570055
60 0.413382 0.402129 0.137967 0.102335
56 0.955135 0.578297 0.0897303 0.129121
60 0.736515 0.641484 0.256224 0.211538
0 0.447614 0.359203 0.0591286 0.141484
60 0.521266 0.505838 0.180498 0.179258
56 0.579098 0.384959 0.0534232 0.0707418
56 0.849326 0.416896 0.0637967 0.0934066
56 0.715508 0.431319 0.0814315 0.118132
56 0.857884 0.478709 0.133817 0.148352
56 0.396525 0.37397 0.0554979 0.121566
56 0.642116 0.396291 0.0643154 0.0975275
56 0.743776 0.505151 0.0860996 0.0762363
56 0.507002 0.479396 0.0741701 0.228022
56 0.865923 0.762019 0.19139 0.236951
56 0.298755 0.689217 0.231328 0.272665
56 0.292272 0.559753 0.101141 0.167582
0 0.860218 0.639423 0.188278 0.225275
0 0.636151 0.529876 0.119813 0.25206
56 0.710322 0.742102 0.165456 0.212225
