60 0.367739 0.657967 0.149378 0.326923
60 0.414678 0.396291 0.141598 0.119505
63 0.83584 0.424451 0.0409751 0.0247253
63 0.824429 0.461538 0.0866183 0.043956
56 0.513745 0.392857 0.0554979 0.0494506
56 0.741701 0.505838 0.0778008 0.0748626
56 0.677127 0.460508 0.0378631 0.165522
74 0.626037 0.142857 0.0342324 0.0563187
56 0.633817 0.530907 0.0923237 0.157967
56 0.578838 0.384272 0.0529046 0.0693681
56 0.927386 0.630151 0.144191 0.235577
0 0.699948 0.411401 0.0523859 0.178571
56 0.456691 0.368475 0.0575726 0.106456
60 0.747925 0.64217 0.283195 0.207418
56 0.872925 0.543613 0.0705394 0.12294
56 0.641857 0.399725 0.064834 0.105769
60 0.522822 0.507898 0.179461 0.179258
0 0.882002 0.424107 0.0990664 0.120192
56 0.507002 0.479739 0.0720954 0.223214
0 0.845954 0.37706 0.0726141 0.092033
0 0.770488 0.433723 0.120851 0.21772
56 0.396525 0.375687 0.0544606 0.123626
56 0.299015 0.688187 0.231846 0.274725
56 0.29279 0.560096 0.102178 0.168269
56 0.864627 0.749657 0.18361 0.21772
56 0.714471 0.739354 0.17168 0.214973
