60 0.801089 0.435783 0.117739 0.102335
60 0.364627 0.600618 0.153527 0.219093
60 0.414938 0.394918 0.142116 0.125
56 0.675571 0.417926 0.034751 0.084478
74 0.626297 0.142514 0.034751 0.0570055
56 0.513745 0.393201 0.0554979 0.0487637
0 0.844398 0.450549 0.0954357 0.181319
56 0.743776 0.505838 0.0850622 0.0748626
56 0.578838 0.384959 0.0529046 0.0693681
60 0.747666 0.641484 0.283714 0.207418
56 0.632261 0.524725 0.0912863 0.146978
56 0.926608 0.612637 0.145747 0.190934
60 0.52334 0.507212 0.178423 0.176511
56 0.642376 0.399038 0.0637967 0.104396
56 0.456691 0.368475 0.0575726 0.106456
0 0.698911 0.361951 0.0492739 0.0755495
0 0.728994 0.414835 0.0720954 0.112637
56 0.887189 0.507212 0.098029 0.195742
56 0.506483 0.525412 0.0762448 0.145604
0 0.827282 0.373626 0.0643154 0.0865385
56 0.396266 0.375343 0.0549793 0.12294
56 0.292531 0.560096 0.10166 0.168269
56 0.300311 0.68853 0.23444 0.274038
56 0.864627 0.749657 0.185685 0.21772
56 0.716286 0.740385 0.169087 0.214286
