60 0.799793 0.461882 0.154564 0.164148
60 0.365145 0.595124 0.151452 0.208104
74 0.626037 0.142514 0.0342324 0.0570055
60 0.413382 0.402473 0.137967 0.105769
56 0.580394 0.450893 0.060166 0.194368
56 0.936463 0.571085 0.126037 0.116071
60 0.74222 0.639766 0.274896 0.208104
0 0.448392 0.354396 0.0606846 0.151099
0 0.651452 0.579327 0.110996 0.345467
60 0.520747 0.505495 0.180498 0.18544
56 0.642376 0.400412 0.0658714 0.105769
0 0.868517 0.646291 0.194502 0.193681
56 0.849066 0.416209 0.063278 0.092033
56 0.398081 0.374313 0.0575726 0.122253
56 0.715768 0.428915 0.0819502 0.111951
56 0.743776 0.505151 0.0860996 0.0762363
56 0.857365 0.48386 0.135892 0.158654
56 0.506743 0.480426 0.0736515 0.227335
56 0.292012 0.56044 0.100622 0.168956
56 0.711359 0.740385 0.165456 0.214286
56 0.866442 0.786745 0.19139 0.1875
56 0.299793 0.68853 0.233402 0.274038
