60 0.365923 0.596841 0.150934 0.212912
60 0.414678 0.394918 0.141598 0.120879
60 0.832988 0.45158 0.0674274 0.0679945
0 0.876556 0.369162 0.0248963 0.0487637
56 0.742479 0.505495 0.0762448 0.0741758
56 0.676608 0.457761 0.0368257 0.166896
56 0.513745 0.393201 0.0554979 0.0487637
74 0.626037 0.142857 0.0342324 0.0563187
56 0.711359 0.463255 0.0544606 0.155907
56 0.578838 0.384615 0.0518672 0.0700549
56 0.928942 0.616071 0.141079 0.206044
56 0.633817 0.532967 0.0923237 0.163462
56 0.873444 0.543269 0.0695021 0.125
0 0.882002 0.423764 0.0990664 0.119505
56 0.642116 0.399382 0.0643154 0.105082
56 0.456432 0.368475 0.0570539 0.106456
60 0.748444 0.643201 0.284232 0.208104
60 0.522562 0.507898 0.178942 0.179258
56 0.507261 0.479739 0.0726141 0.223214
0 0.844658 0.380838 0.0689834 0.100962
56 0.396525 0.37603 0.0544606 0.12294
0 0.703579 0.37706 0.0565353 0.108516
56 0.29279 0.560783 0.102178 0.169643
56 0.300052 0.688187 0.233921 0.274725
0 0.77334 0.417239 0.0975104 0.246566
56 0.715508 0.739698 0.170643 0.214286
56 0.865145 0.748626 0.185685 0.21978
