60 0.365405 0.599588 0.151971 0.218407
60 0.414678 0.393544 0.141598 0.120879
56 0.513745 0.392857 0.0554979 0.0494506
56 0.872666 0.582761 0.0420124 0.0501374
0 0.806017 0.28331 0.0321577 0.0487637
26 0.743257 0.504808 0.0829876 0.0741758
56 0.672977 0.419643 0.0409751 0.0837912
56 0.744554 0.505838 0.0835062 0.0748626
56 0.869295 0.43647 0.0580913 0.0789835
74 0.625778 0.142514 0.034751 0.0570055
56 0.642116 0.399725 0.0643154 0.104396
56 0.578579 0.384615 0.0523859 0.0700549
60 0.521525 0.506525 0.179979 0.183379
0 0.822095 0.32967 0.0695021 0.141484
60 0.749222 0.642514 0.285788 0.209478
56 0.63667 0.525755 0.0990664 0.146291
56 0.926608 0.620879 0.145747 0.23489
56 0.456691 0.367788 0.0575726 0.105082
56 0.506743 0.480769 0.0736515 0.226648
0 0.772822 0.419986 0.145228 0.23283
56 0.396784 0.375687 0.0539419 0.122253
56 0.29279 0.560096 0.102178 0.168269
0 0.727697 0.358516 0.0943983 0.119505
56 0.715768 0.740385 0.173237 0.212912
56 0.299533 0.687843 0.232884 0.275412
0 0.905083 0.458448 0.126556 0.231456
56 0.865145 0.746909 0.184647 0.223214
