60 0.794865 0.455701 0.141598 0.14217
60 0.415716 0.397665 0.139523 0.115385
74 0.626297 0.142514 0.034751 0.0570055
56 0.651452 0.396635 0.0446058 0.0913462
60 0.714471 0.647321 0.218361 0.216346
56 0.513485 0.393544 0.0539419 0.0480769
56 0.447355 0.373626 0.0420124 0.122253
56 0.835322 0.449863 0.091805 0.159341
56 0.967064 0.56353 0.0658714 0.110577
56 0.912085 0.782967 0.174793 0.287088
56 0.631224 0.544986 0.0871369 0.198489
56 0.709803 0.455701 0.0886929 0.166896
0 0.481328 0.334135 0.0518672 0.149038
56 0.742479 0.505151 0.0876556 0.0762363
56 0.706172 0.740041 0.17168 0.21772
56 0.505705 0.481799 0.0746888 0.223214
56 0.299274 0.68853 0.232365 0.274038
56 0.396525 0.375343 0.0565353 0.12294
56 0.293309 0.559753 0.102178 0.167582
0 0.585062 0.507898 0.123444 0.29739
0 0.868517 0.662775 0.262967 0.513736
