60 0.365923 0.600618 0.151971 0.220467
60 0.415197 0.391827 0.142635 0.120192
56 0.513745 0.393201 0.0554979 0.0487637
74 0.626297 0.142857 0.034751 0.0563187
56 0.708247 0.46772 0.0866183 0.142857
56 0.924274 0.593063 0.147303 0.161401
60 0.748444 0.641827 0.287344 0.210852
56 0.63278 0.596154 0.0871369 0.288462
60 0.524118 0.509272 0.183091 0.180632
0 0.603994 0.394231 0.0658714 0.282967
56 0.45721 0.368132 0.05861 0.107143
56 0.844917 0.762019 0.147303 0.197115
56 0.849066 0.416552 0.063278 0.0927198
56 0.857365 0.50103 0.136929 0.192995
56 0.742479 0.505495 0.0876556 0.0755495
0 0.650674 0.364354 0.0783195 0.183379
56 0.506743 0.480769 0.0736515 0.228022
56 0.294606 0.560096 0.105809 0.168269
56 0.396266 0.37603 0.0549793 0.124313
56 0.300311 0.688187 0.23444 0.274725
56 0.714471 0.740041 0.170643 0.214973
0 0.930239 0.739011 0.138485 0.364011
