60 0.80472 0.434066 0.121888 0.101648
60 0.365405 0.600962 0.151971 0.21978
60 0.414938 0.394574 0.141079 0.12294
56 0.67583 0.418269 0.0352697 0.0837912
56 0.513745 0.393201 0.0554979 0.0487637
56 0.642116 0.398695 0.0643154 0.103709
74 0.626297 0.142514 0.034751 0.0570055
56 0.578838 0.384615 0.0529046 0.0700549
56 0.633039 0.528159 0.0907676 0.151099
60 0.747925 0.64217 0.284232 0.207418
56 0.745073 0.505838 0.0814315 0.0748626
0 0.852438 0.445055 0.116701 0.192308
56 0.927127 0.622253 0.14471 0.218407
0 0.69917 0.362981 0.0497925 0.0776099
56 0.456432 0.368475 0.0570539 0.106456
60 0.523081 0.507555 0.178942 0.178571
56 0.887448 0.508585 0.096473 0.191621
56 0.506483 0.525069 0.0762448 0.146291
0 0.728475 0.415179 0.0679461 0.113324
0 0.827282 0.374313 0.0757261 0.0906593
56 0.396006 0.37603 0.0554979 0.12294
56 0.29279 0.56044 0.102178 0.168956
56 0.864627 0.75 0.184647 0.217033
56 0.299793 0.68853 0.233402 0.274038
56 0.713434 0.740041 0.172718 0.213599
