60 0.365664 0.59375 0.151452 0.206731
56 0.576245 0.384959 0.0570539 0.0693681
60 0.413122 0.402816 0.137448 0.102335
74 0.626037 0.142857 0.0342324 0.0563187
60 0.741442 0.639766 0.271266 0.206731
0 0.6486 0.468407 0.0897303 0.151099
0 0.449429 0.349931 0.061722 0.146291
56 0.9375 0.571429 0.123963 0.118132
56 0.642894 0.399382 0.0637967 0.102335
60 0.521266 0.506181 0.180498 0.18544
56 0.715249 0.431319 0.0819502 0.116758
56 0.849066 0.416552 0.063278 0.0913462
56 0.397303 0.374313 0.0580913 0.122253
56 0.743776 0.505151 0.0860996 0.0762363
0 0.868257 0.649382 0.193983 0.1875
56 0.857106 0.484203 0.135373 0.157967
56 0.507002 0.480769 0.0731328 0.228022
56 0.29279 0.559753 0.102178 0.167582
56 0.712137 0.740728 0.1639 0.213599
56 0.300571 0.688187 0.234958 0.273352
56 0.866961 0.786401 0.190353 0.188187
