56 0.853125 0.562071 0.859375 0.570347 0.860937 0.570347 0.8625 0.572416 0.864062 0.572416 0.865625 0.574485 0.867188 0.574485 0.86875 0.576554 0.870312 0.576554 0.871875 0.578623 0.873437 0.578623 0.876562 0.582761 0.876562 0.58483 0.878125 0.586899 0.878125 0.588968 0.879687 0.591037 0.879687 0.593106 0.88125 0.595175 0.88125 0.597244 0.882812 0.599313 0.882812 0.601382 0.885937 0.601382 0.8875 0.599313 0.889062 0.599313 0.889062 0.56414 0.8875 0.56414 0.885937 0.562071
56 0.440625 0.454481 0.440625 0.512414 0.44375 0.516552 0.44375 0.524828 0.445312 0.526897 0.44375 0.528966 0.44375 0.539311 0.445312 0.54138 0.445312 0.545519 0.446875 0.547588 0.451562 0.547588 0.453125 0.545519 0.453125 0.528966 0.451562 0.526897 0.451562 0.522759 0.45 0.52069 0.45 0.47931 0.451562 0.477241 0.451562 0.475172 0.453125 0.473103 0.45625 0.473103 0.457812 0.471034 0.460938 0.471034 0.4625 0.473103 0.470312 0.473103 0.473437 0.477241 0.473437 0.481379 0.475 0.483448 0.475 0.491724 0.476562 0.493793 0.476562 0.508276 0.478125 0.510345 0.478125 0.506207 0.479687 0.504138 0.479687 0.495862 0.48125 0.493793 0.48125 0.485517 0.482812 0.483448 0.482812 0.468965 0.48125 0.466896 0.48125 0.464827 0.478125 0.460689 0.467187 0.460689 0.465625 0.458619 0.464062 0.458619 0.4625 0.460689 0.457812 0.460689 0.45625 0.458619 0.451562 0.458619 0.45 0.45655 0.448437 0.45655 0.446875 0.454481
56 0.995312 0.437929 0.990625 0.444136 0.990625 0.52069 0.992188 0.522759 0.992188 0.524828 0.99375 0.526897 0.99375 0.528966 0.995312 0.531035 0.995312 0.533104 0.998437 0.533104 0.998437 0.437929
74 0.61875 0.121368 0.617188 0.123437 0.615625 0.123437 0.615625 0.129645 0.614062 0.131714 0.614062 0.16068 0.615625 0.162749 0.615625 0.166887 0.63125 0.166887 0.632812 0.164818 0.634375 0.164818 0.635937 0.162749 0.635937 0.16068 0.639062 0.156542 0.639062 0.150335 0.640625 0.148266 0.640625 0.135852 0.639062 0.133783 0.639062 0.123437 0.6375 0.123437 0.635937 0.121368
56 0.795312 0.402756 0.79375 0.404825 0.792187 0.404825 0.79375 0.404825 0.795312 0.406894 0.796875 0.406894 0.801562 0.413101 0.807812 0.413101 0.807812 0.404825 0.804688 0.404825 0.803125 0.402756
56 0.732812 0.427584 0.73125 0.429653 0.728125 0.429653 0.728125 0.464827 0.73125 0.464827 0.732812 0.466896 0.754687 0.466896 0.75625 0.468965 0.764062 0.468965 0.764062 0.448274 0.75625 0.437929 0.754687 0.437929 0.751562 0.433791 0.75 0.433791 0.748437 0.431722 0.746875 0.431722 0.745312 0.429653 0.735937 0.429653 0.734375 0.427584
56 0 0.824837 0 0.86001 0.009375 0.86001 0.0109375 0.857941 0.0125 0.857941 0.0171875 0.851734 0.0171875 0.841389 0.0125 0.835182 0.0125 0.833113 0.009375 0.828975 0.009375 0.826906 0.00625 0.826906 0.0046875 0.824837
60 0.382812 0.35103 0.38125 0.353099 0.359375 0.353099 0.353125 0.361375 0.353125 0.390342 0.35625 0.39448 0.35625 0.396549 0.357812 0.398618 0.357812 0.400687 0.359375 0.402756 0.359375 0.404825 0.35625 0.408963 0.35625 0.411032 0.354687 0.413101 0.354687 0.419308 0.35625 0.421377 0.35625 0.425515 0.357812 0.427584 0.357812 0.431722 0.35625 0.433791 0.35625 0.439998 0.354687 0.442067 0.354687 0.446205 0.357812 0.450343 0.359375 0.448274 0.359375 0.439998 0.357812 0.437929 0.357812 0.427584 0.359375 0.425515 0.359375 0.421377 0.360937 0.419308 0.360937 0.413101 0.3625 0.411032 0.3625 0.406894 0.360937 0.404825 0.3625 0.402756 0.365625 0.402756 0.367188 0.404825 0.370312 0.404825 0.370312 0.386204 0.371875 0.384135 0.371875 0.382066 0.375 0.377928 0.375 0.375858 0.376562 0.373789 0.378125 0.373789 0.379687 0.37172 0.38125 0.37172 0.38125 0.369651 0.382812 0.367582 0.382812 0.365513 0.390625 0.355168 0.392187 0.355168 0.392187 0.353099 0.390625 0.353099 0.389062 0.35103
60 0.54375 0.336547 0.542188 0.338616 0.540625 0.338616 0.540625 0.346892 0.542188 0.348961 0.54375 0.348961 0.545312 0.35103 0.55625 0.35103 0.557813 0.348961 0.596875 0.348961 0.598437 0.35103 0.6 0.35103 0.601562 0.353099 0.620313 0.353099 0.621875 0.35103 0.623437 0.35103 0.625 0.348961 0.629687 0.348961 0.63125 0.346892 0.657812 0.346892 0.659375 0.344823 0.6625 0.344823 0.665625 0.340685 0.665625 0.338616 0.6625 0.338616 0.660937 0.336547
60 0.729687 0.386204 0.728125 0.388273 0.728125 0.396549 0.734375 0.404825 0.734375 0.408963 0.735937 0.411032 0.739062 0.411032 0.74375 0.417239 0.745312 0.417239 0.75 0.423446 0.751562 0.423446 0.753125 0.425515 0.754687 0.425515 0.776562 0.454481 0.776562 0.45655 0.778125 0.458619 0.778125 0.460689 0.779687 0.460689 0.78125 0.462758 0.784375 0.462758 0.785937 0.464827 0.7875 0.464827 0.790625 0.468965 0.792187 0.468965 0.79375 0.471034 0.801562 0.471034 0.803125 0.473103 0.803125 0.475172 0.80625 0.47931 0.809375 0.47931 0.810937 0.481379 0.825 0.481379 0.826562 0.483448 0.828125 0.481379 0.832812 0.481379 0.834375 0.47931 0.842187 0.47931 0.84375 0.477241 0.854687 0.477241 0.854687 0.473103 0.85625 0.471034 0.854687 0.471034 0.846875 0.460689 0.845312 0.460689 0.842187 0.45655 0.842187 0.454481 0.840625 0.452412 0.840625 0.450343 0.8375 0.446205 0.835938 0.446205 0.834375 0.444136 0.83125 0.444136 0.829687 0.442067 0.828125 0.442067 0.825 0.437929 0.823437 0.437929 0.821875 0.43586 0.820312 0.43586 0.815625 0.429653 0.814062 0.429653 0.8125 0.427584 0.810937 0.427584 0.807812 0.423446 0.80625 0.423446 0.803125 0.419308 0.803125 0.413101 0.801562 0.411032 0.801562 0.408963 0.798437 0.404825 0.798437 0.402756 0.796875 0.402756 0.795312 0.400687 0.79375 0.400687 0.790625 0.396549 0.7875 0.396549 0.785937 0.39448 0.782812 0.39448 0.78125 0.392411 0.779687 0.392411 0.776562 0.388273 0.770312 0.388273 0.76875 0.386204
60 0.539062 0.41517 0.5375 0.417239 0.534375 0.417239 0.532812 0.419308 0.489062 0.419308 0.4875 0.417239 0.479687 0.417239 0.478125 0.419308 0.473437 0.419308 0.471875 0.421377 0.445312 0.421377 0.44375 0.423446 0.442187 0.423446 0.440625 0.425515 0.440625 0.429653 0.439062 0.431722 0.439062 0.446205 0.440625 0.448274 0.440625 0.45655 0.442187 0.45655 0.44375 0.458619 0.445312 0.458619 0.446875 0.460689 0.45 0.460689 0.451562 0.462758 0.453125 0.462758 0.454687 0.460689 0.4625 0.460689 0.464062 0.458619 0.475 0.458619 0.476562 0.45655 0.478125 0.45655 0.482812 0.450343 0.485937 0.450343 0.4875 0.448274 0.49375 0.448274 0.495312 0.446205 0.501562 0.446205 0.503125 0.448274 0.540625 0.448274 0.542188 0.450343 0.546875 0.450343 0.554688 0.460689 0.55625 0.460689 0.557813 0.462758 0.5625 0.462758 0.564062 0.460689 0.5875 0.460689 0.589063 0.458619 0.590625 0.458619 0.592187 0.460689 0.59375 0.460689 0.595312 0.462758 0.596875 0.462758 0.598437 0.460689 0.6 0.460689 0.601562 0.458619 0.601562 0.429653 0.595312 0.421377 0.59375 0.421377 0.592187 0.419308 0.55625 0.419308 0.554688 0.417239 0.55 0.417239 0.548437 0.41517
56 0.553125 0.353099 0.551562 0.355168 0.551562 0.411032 0.553125 0.413101 0.554688 0.413101 0.55625 0.41517 0.596875 0.41517 0.598437 0.413101 0.6 0.413101 0.6 0.400687 0.601562 0.398618 0.601562 0.355168 0.6 0.353099
60 0.68125 0.54138 0.679688 0.54345 0.665625 0.54345 0.664062 0.545519 0.6625 0.54345 0.646875 0.54345 0.645312 0.545519 0.63125 0.545519 0.629687 0.547588 0.626562 0.547588 0.625 0.549657 0.621875 0.549657 0.620313 0.551726 0.620313 0.553795 0.614062 0.562071 0.614062 0.568278 0.6125 0.570347 0.6125 0.576554 0.614062 0.578623 0.614062 0.599313 0.615625 0.601382 0.615625 0.60552 0.61875 0.609658 0.61875 0.611727 0.621875 0.615865 0.621875 0.617934 0.623437 0.620003 0.623437 0.622072 0.625 0.624141 0.625 0.62828 0.626562 0.630349 0.626562 0.636556 0.628125 0.638625 0.628125 0.640694 0.635937 0.630349 0.6375 0.630349 0.639062 0.62828 0.648438 0.62828 0.65 0.630349 0.653125 0.630349 0.654687 0.632418 0.65625 0.632418 0.657812 0.634487 0.660937 0.634487 0.6625 0.632418 0.667187 0.632418 0.66875 0.630349 0.673437 0.630349 0.675 0.62828 0.684375 0.62828 0.685937 0.630349 0.689062 0.630349 0.690625 0.632418 0.696875 0.632418 0.698437 0.634487 0.7 0.634487 0.709375 0.646901 0.715625 0.646901 0.717187 0.644832 0.721875 0.644832 0.723437 0.642763 0.734375 0.642763 0.7375 0.646901 0.740625 0.646901 0.742188 0.644832 0.74375 0.644832 0.745312 0.642763 0.760937 0.642763 0.764062 0.646901 0.764062 0.651039 0.778125 0.651039 0.779687 0.653108 0.8375 0.653108 0.839062 0.655177 0.840625 0.655177 0.842187 0.653108 0.85 0.653108 0.851562 0.651039 0.853125 0.651039 0.853125 0.644832 0.854687 0.642763 0.854687 0.626211 0.85625 0.624141 0.85625 0.620003 0.859375 0.615865 0.860937 0.615865 0.864062 0.611727 0.86875 0.611727 0.870312 0.609658 0.878125 0.609658 0.879687 0.607589 0.88125 0.607589 0.882812 0.60552 0.882812 0.597244 0.88125 0.595175 0.88125 0.591037 0.878125 0.586899 0.876562 0.586899 0.875 0.58483 0.873437 0.58483 0.871875 0.582761 0.870312 0.582761 0.860937 0.570347 0.859375 0.570347 0.85625 0.566209 0.854687 0.566209 0.842187 0.549657 0.840625 0.549657 0.839062 0.547588 0.8375 0.547588 0.835938 0.545519 0.829687 0.545519 0.828125 0.54345 0.825 0.54345 0.823437 0.545519 0.804688 0.545519 0.803125 0.54345 0.8 0.54345 0.798437 0.545519 0.720312 0.545519 0.71875 0.54345 0.695312 0.54345 0.69375 0.54138
56 0.7 0.377928 0.698437 0.379997 0.698437 0.386204 0.7 0.388273 0.7 0.41517 0.698437 0.417239 0.698437 0.421377 0.695312 0.425515 0.695312 0.427584 0.69375 0.429653 0.69375 0.433791 0.692187 0.43586 0.692187 0.437929 0.689062 0.442067 0.689062 0.454481 0.690625 0.45655 0.692187 0.45655 0.69375 0.458619 0.695312 0.458619 0.696875 0.460689 0.698437 0.460689 0.7 0.462758 0.701562 0.462758 0.707812 0.471034 0.707812 0.473103 0.709375 0.473103 0.710938 0.471034 0.714062 0.471034 0.715625 0.468965 0.71875 0.468965 0.720312 0.466896 0.721875 0.466896 0.723437 0.464827 0.728125 0.464827 0.729687 0.462758 0.74375 0.462758 0.745312 0.464827 0.764062 0.464827 0.764062 0.452412 0.760937 0.448274 0.760937 0.446205 0.759375 0.444136 0.757812 0.444136 0.75625 0.442067 0.754687 0.442067 0.753125 0.439998 0.751562 0.439998 0.748437 0.43586 0.746875 0.43586 0.740625 0.427584 0.739062 0.427584 0.7375 0.425515 0.734375 0.425515 0.73125 0.421377 0.729687 0.421377 0.720312 0.408963 0.720312 0.406894 0.71875 0.404825 0.71875 0.396549 0.709375 0.384135 0.707812 0.384135 0.704687 0.379997 0.704687 0.377928
56 0.4875 0.452412 0.484375 0.45655 0.484375 0.468965 0.482812 0.471034 0.482812 0.493793 0.48125 0.495862 0.48125 0.58483 0.482812 0.586899 0.482812 0.588968 0.484375 0.588968 0.485937 0.586899 0.485937 0.549657 0.4875 0.547588 0.4875 0.545519 0.489062 0.54345 0.489062 0.54138 0.492188 0.537242 0.503125 0.537242 0.504687 0.539311 0.523438 0.539311 0.525 0.537242 0.529687 0.537242 0.53125 0.535173 0.534375 0.535173 0.542188 0.545519 0.542188 0.547588 0.54375 0.549657 0.54375 0.553795 0.545312 0.555864 0.545312 0.586899 0.55 0.586899 0.551562 0.58483 0.551562 0.576554 0.553125 0.574485 0.553125 0.475172 0.551562 0.473103 0.551562 0.462758 0.55 0.460689 0.55 0.458619 0.546875 0.454481 0.545312 0.454481 0.54375 0.452412
56 0.434375 0.379997 0.432812 0.382066 0.432812 0.386204 0.43125 0.388273 0.43125 0.408963 0.432812 0.411032 0.432812 0.419308 0.434375 0.421377 0.4375 0.417239 0.440625 0.417239 0.442187 0.41517 0.471875 0.41517 0.473437 0.413101 0.473437 0.392411 0.471875 0.390342 0.471875 0.388273 0.470312 0.388273 0.46875 0.386204 0.465625 0.386204 0.464062 0.384135 0.453125 0.384135 0.451562 0.382066 0.442187 0.382066 0.440625 0.379997
56 0.489062 0.375858 0.4875 0.377928 0.4875 0.413101 0.489062 0.41517 0.49375 0.41517 0.495312 0.417239 0.528125 0.417239 0.529687 0.41517 0.534375 0.41517 0.535937 0.413101 0.535937 0.406894 0.5375 0.404825 0.5375 0.396549 0.539062 0.39448 0.539062 0.390342 0.540625 0.388273 0.540625 0.377928 0.539062 0.377928 0.5375 0.375858
56 0.378125 0.375858 0.376562 0.377928 0.376562 0.379997 0.375 0.382066 0.375 0.396549 0.376562 0.398618 0.376562 0.402756 0.378125 0.404825 0.376562 0.406894 0.376562 0.419308 0.375 0.421377 0.376562 0.423446 0.376562 0.431722 0.378125 0.431722 0.378125 0.429653 0.379687 0.427584 0.379687 0.417239 0.378125 0.41517 0.378125 0.402756 0.379687 0.400687 0.385937 0.400687 0.3875 0.402756 0.3875 0.404825 0.389062 0.406894 0.389062 0.408963 0.390625 0.408963 0.392187 0.406894 0.392187 0.404825 0.395312 0.400687 0.407812 0.400687 0.4125 0.406894 0.4125 0.408963 0.414062 0.411032 0.414062 0.413101 0.415625 0.41517 0.415625 0.417239 0.417187 0.419308 0.417187 0.429653 0.420312 0.433791 0.421875 0.433791 0.421875 0.431722 0.423437 0.429653 0.423437 0.406894 0.421875 0.404825 0.421875 0.396549 0.420312 0.39448 0.420312 0.382066 0.417187 0.377928 0.407812 0.377928 0.40625 0.375858
56 0.826562 0.375858 0.820312 0.384135 0.820312 0.386204 0.81875 0.388273 0.81875 0.392411 0.817187 0.39448 0.817187 0.396549 0.8125 0.402756 0.8125 0.421377 0.814062 0.423446 0.815625 0.423446 0.81875 0.427584 0.81875 0.429653 0.820312 0.429653 0.821875 0.431722 0.823437 0.431722 0.828125 0.437929 0.829687 0.437929 0.83125 0.439998 0.832812 0.439998 0.834375 0.442067 0.835938 0.442067 0.839062 0.446205 0.840625 0.446205 0.840625 0.43586 0.842187 0.433791 0.842187 0.431722 0.84375 0.429653 0.84375 0.427584 0.845312 0.425515 0.846875 0.425515 0.848437 0.423446 0.848437 0.421377 0.854687 0.413101 0.854687 0.411032 0.857812 0.406894 0.859375 0.406894 0.859375 0.404825 0.860937 0.402756 0.860937 0.388273 0.857812 0.384135 0.854687 0.384135 0.853125 0.382066 0.851562 0.382066 0.846875 0.375858
56 0.865625 0.408963 0.8625 0.413101 0.8625 0.41517 0.857812 0.421377 0.857812 0.423446 0.85625 0.425515 0.85625 0.427584 0.854687 0.429653 0.854687 0.431722 0.853125 0.433791 0.851562 0.433791 0.85 0.43586 0.85 0.439998 0.848437 0.442067 0.848437 0.444136 0.846875 0.446205 0.846875 0.454481 0.848437 0.45655 0.85 0.45655 0.85625 0.464827 0.857812 0.464827 0.865625 0.475172 0.867188 0.475172 0.86875 0.477241 0.86875 0.47931 0.867188 0.481379 0.865625 0.481379 0.864062 0.483448 0.846875 0.483448 0.845312 0.485517 0.835938 0.485517 0.834375 0.487586 0.828125 0.487586 0.828125 0.491724 0.823437 0.497931 0.823437 0.5 0.821875 0.502069 0.820312 0.502069 0.81875 0.5 0.81875 0.497931 0.817187 0.495862 0.815625 0.495862 0.8125 0.491724 0.809375 0.491724 0.807812 0.493793 0.807812 0.504138 0.809375 0.506207 0.8125 0.506207 0.817187 0.512414 0.81875 0.512414 0.820312 0.514483 0.821875 0.514483 0.825 0.518621 0.825 0.52069 0.815625 0.533104 0.8125 0.533104 0.810937 0.535173 0.809375 0.535173 0.809375 0.537242 0.8125 0.537242 0.814062 0.539311 0.81875 0.539311 0.820312 0.537242 0.83125 0.537242 0.834375 0.533104 0.834375 0.528966 0.835938 0.526897 0.835938 0.524828 0.840625 0.518621 0.842187 0.518621 0.84375 0.516552 0.864062 0.516552 0.865625 0.518621 0.867188 0.518621 0.870312 0.522759 0.871875 0.522759 0.873437 0.524828 0.873437 0.528966 0.875 0.531035 0.875 0.54138 0.873437 0.54345 0.873437 0.545519 0.875 0.547588 0.875 0.555864 0.871875 0.560002 0.86875 0.560002 0.873437 0.560002 0.875 0.557933 0.876562 0.557933 0.878125 0.555864 0.878125 0.551726 0.879687 0.549657 0.879687 0.524828 0.88125 0.522759 0.88125 0.514483 0.882812 0.512414 0.882812 0.510345 0.884375 0.508276 0.884375 0.497931 0.885937 0.495862 0.885937 0.475172 0.8875 0.473103 0.8875 0.471034 0.90625 0.446205 0.90625 0.444136 0.907812 0.442067 0.909375 0.442067 0.909375 0.439998 0.910937 0.437929 0.910937 0.427584 0.909375 0.425515 0.907812 0.425515 0.904687 0.421377 0.904687 0.419308 0.903125 0.419308 0.901562 0.417239 0.9 0.417239 0.898438 0.41517 0.896875 0.41517 0.895312 0.413101 0.89375 0.413101 0.892187 0.411032 0.890625 0.411032 0.889062 0.408963
56 0.710938 0.475172 0.709375 0.477241 0.707812 0.477241 0.707812 0.47931 0.70625 0.481379 0.70625 0.526897 0.707812 0.528966 0.707812 0.537242 0.709375 0.539311 0.757812 0.539311 0.759375 0.54138 0.765625 0.54138 0.767187 0.539311 0.789062 0.539311 0.790625 0.537242 0.79375 0.537242 0.796875 0.533104 0.796875 0.531035 0.798437 0.528966 0.798437 0.52069 0.8 0.518621 0.8 0.516552 0.801562 0.514483 0.801562 0.512414 0.803125 0.510345 0.8 0.506207 0.8 0.504138 0.782812 0.481379 0.782812 0.47931 0.78125 0.477241 0.778125 0.477241 0.776562 0.475172
56 0.614062 0.475172 0.6125 0.477241 0.610937 0.477241 0.610937 0.47931 0.609375 0.481379 0.609375 0.493793 0.610937 0.495862 0.610937 0.512414 0.6125 0.514483 0.6125 0.526897 0.610937 0.528966 0.610937 0.531035 0.607812 0.535173 0.60625 0.535173 0.60625 0.537242 0.601562 0.54345 0.601562 0.547588 0.6 0.549657 0.6 0.557933 0.598437 0.560002 0.598437 0.56414 0.596875 0.566209 0.596875 0.568278 0.595312 0.570347 0.595312 0.574485 0.59375 0.576554 0.59375 0.609658 0.595312 0.611727 0.595312 0.613796 0.596875 0.613796 0.596875 0.611727 0.598437 0.609658 0.598437 0.586899 0.6 0.58483 0.6 0.582761 0.601562 0.580692 0.604688 0.580692 0.607812 0.576554 0.607812 0.574485 0.609375 0.572416 0.609375 0.549657 0.610937 0.547588 0.610937 0.545519 0.614062 0.54138 0.665625 0.54138 0.667187 0.539311 0.673437 0.539311 0.675 0.537242 0.675 0.535173 0.676562 0.533104 0.676562 0.531035 0.678125 0.528966 0.678125 0.522759 0.679688 0.52069 0.679688 0.5 0.68125 0.497931 0.68125 0.491724 0.682812 0.489655 0.682812 0.487586 0.684375 0.485517 0.684375 0.47931 0.682812 0.477241 0.68125 0.477241 0.679688 0.475172
60 0.3625 0.508276 0.360937 0.510345 0.359375 0.510345 0.357812 0.512414 0.357812 0.514483 0.35625 0.516552 0.35625 0.528966 0.353125 0.533104 0.353125 0.535173 0.351562 0.537242 0.351562 0.539311 0.35 0.54138 0.35 0.545519 0.348437 0.547588 0.348437 0.549657 0.345312 0.553795 0.345312 0.557933 0.34375 0.560002 0.34375 0.56414 0.342187 0.566209 0.342187 0.568278 0.340625 0.570347 0.340625 0.572416 0.339062 0.574485 0.339062 0.576554 0.3375 0.578623 0.3375 0.582761 0.335938 0.58483 0.335938 0.586899 0.332812 0.591037 0.332812 0.593106 0.33125 0.595175 0.33125 0.599313 0.329687 0.601382 0.329687 0.603451 0.328125 0.60552 0.328125 0.607589 0.326562 0.609658 0.326562 0.611727 0.325 0.613796 0.325 0.617934 0.320312 0.624141 0.320312 0.626211 0.31875 0.62828 0.31875 0.630349 0.317187 0.632418 0.317187 0.634487 0.314063 0.638625 0.314063 0.640694 0.3125 0.642763 0.3125 0.646901 0.310937 0.64897 0.310937 0.651039 0.309375 0.653108 0.309375 0.655177 0.307812 0.657246 0.307812 0.659315 0.30625 0.661384 0.30625 0.66966 0.301562 0.675867 0.301562 0.677936 0.3 0.680005 0.3 0.686212 0.295312 0.692419 0.295312 0.694488 0.29375 0.696557 0.29375 0.702764 0.292187 0.704834 0.292187 0.706902 0.290625 0.708971 0.290625 0.71311 0.295312 0.719317 0.301562 0.719317 0.303125 0.721386 0.332812 0.721386 0.334375 0.723455 0.3375 0.723455 0.339062 0.725524 0.351562 0.725524 0.353125 0.727593 0.359375 0.727593 0.360937 0.729662 0.365625 0.729662 0.367188 0.731731 0.36875 0.731731 0.371875 0.735869 0.371875 0.742076 0.373437 0.744145 0.373437 0.746214 0.375 0.748283 0.375 0.750352 0.376562 0.752421 0.376562 0.756559 0.378125 0.758628 0.378125 0.766904 0.379687 0.768973 0.38125 0.768973 0.382812 0.771042 0.384375 0.771042 0.398438 0.789663 0.398438 0.791732 0.4 0.793802 0.4 0.79794 0.401562 0.800009 0.401562 0.802078 0.404687 0.806216 0.404687 0.810354 0.40625 0.812423 0.40625 0.820699 0.407812 0.822768 0.407812 0.826906 0.410937 0.826906 0.4125 0.828975 0.415625 0.828975 0.420312 0.822768 0.420312 0.820699 0.421875 0.81863 0.420312 0.816561 0.420312 0.814492 0.41875 0.812423 0.41875 0.810354 0.417187 0.808285 0.417187 0.806216 0.4125 0.800009 0.4125 0.795871 0.410937 0.793802 0.410937 0.791732 0.409375 0.789663 0.409375 0.787594 0.40625 0.783456 0.40625 0.781387 0.404687 0.779318 0.404687 0.77518 0.401562 0.771042 0.401562 0.768973 0.398438 0.764835 0.398438 0.762766 0.396875 0.760697 0.396875 0.758628 0.39375 0.75449 0.39375 0.752421 0.392187 0.750352 0.392187 0.748283 0.390625 0.746214 0.390625 0.742076 0.389062 0.740007 0.389062 0.737938 0.3875 0.735869 0.3875 0.731731 0.389062 0.729662 0.389062 0.727593 0.390625 0.725524 0.392187 0.725524 0.39375 0.723455 0.395312 0.723455 0.4 0.717248 0.4 0.715179 0.401562 0.71311 0.401562 0.711041 0.403125 0.708971 0.403125 0.700695 0.404687 0.698626 0.404687 0.686212 0.40625 0.684143 0.40625 0.673798 0.407812 0.671729 0.407812 0.667591 0.409375 0.665522 0.409375 0.659315 0.410937 0.657246 0.410937 0.655177 0.4125 0.653108 0.4125 0.651039 0.414062 0.64897 0.414062 0.644832 0.415625 0.642763 0.415625 0.636556 0.417187 0.634487 0.417187 0.626211 0.41875 0.624141 0.41875 0.617934 0.420312 0.615865 0.420312 0.609658 0.421875 0.607589 0.421875 0.603451 0.423437 0.601382 0.423437 0.599313 0.425 0.597244 0.425 0.593106 0.428125 0.588968 0.428125 0.580692 0.429688 0.578623 0.429688 0.568278 0.428125 0.566209 0.428125 0.539311 0.429688 0.537242 0.429688 0.510345 0.428125 0.508276
56 0.626562 0.35103 0.625 0.353099 0.623437 0.353099 0.617188 0.361375 0.615625 0.361375 0.614062 0.363444 0.609375 0.363444 0.609375 0.365513 0.607812 0.367582 0.607812 0.375858 0.60625 0.377928 0.60625 0.392411 0.607812 0.39448 0.607812 0.400687 0.609375 0.402756 0.609375 0.429653 0.607812 0.431722 0.607812 0.43586 0.609375 0.437929 0.609375 0.439998 0.610937 0.442067 0.610937 0.444136 0.6125 0.446205 0.6125 0.454481 0.615625 0.454481 0.617188 0.452412 0.617188 0.43586 0.61875 0.433791 0.61875 0.425515 0.620313 0.423446 0.620313 0.421377 0.625 0.41517 0.639062 0.41517 0.640625 0.417239 0.642187 0.417239 0.64375 0.419308 0.64375 0.427584 0.645312 0.429653 0.648438 0.429653 0.65 0.427584 0.651562 0.427584 0.653125 0.425515 0.654687 0.425515 0.65625 0.423446 0.65625 0.419308 0.657812 0.417239 0.660937 0.421377 0.660937 0.423446 0.659375 0.425515 0.659375 0.427584 0.657812 0.429653 0.657812 0.437929 0.65625 0.439998 0.65625 0.450343 0.657812 0.452412 0.657812 0.454481 0.659375 0.454481 0.660937 0.452412 0.660937 0.448274 0.6625 0.446205 0.6625 0.442067 0.664062 0.439998 0.664062 0.437929 0.665625 0.43586 0.665625 0.425515 0.667187 0.423446 0.667187 0.406894 0.665625 0.404825 0.665625 0.388273 0.667187 0.386204 0.667187 0.361375 0.671875 0.355168 0.671875 0.353099 0.66875 0.353099 0.667187 0.35103
56 0.226562 0.566209 0.221875 0.572416 0.220312 0.572416 0.217187 0.576554 0.215625 0.576554 0.209375 0.58483 0.207812 0.58483 0.207812 0.586899 0.2 0.597244 0.2 0.599313 0.196875 0.603451 0.196875 0.60552 0.19375 0.609658 0.19375 0.651039 0.195312 0.653108 0.195312 0.655177 0.196875 0.655177 0.2 0.659315 0.2 0.661384 0.201562 0.663453 0.203125 0.663453 0.20625 0.667591 0.20625 0.66966 0.207812 0.671729 0.209375 0.671729 0.229687 0.698626 0.229687 0.706902 0.228125 0.708971 0.228125 0.711041 0.226562 0.71311 0.226562 0.717248 0.225 0.719317 0.225 0.764835 0.223437 0.766904 0.223437 0.791732 0.225 0.793802 0.225 0.802078 0.226562 0.804147 0.226562 0.810354 0.229687 0.814492 0.229687 0.816561 0.23125 0.81863 0.235937 0.81863 0.2375 0.816561 0.2375 0.760697 0.239062 0.758628 0.239062 0.756559 0.242188 0.752421 0.24375 0.752421 0.245312 0.750352 0.253125 0.750352 0.254687 0.752421 0.275 0.752421 0.276562 0.75449 0.295312 0.75449 0.296875 0.756559 0.303125 0.756559 0.304688 0.758628 0.30625 0.758628 0.314063 0.768973 0.315625 0.768973 0.317187 0.766904 0.31875 0.766904 0.321875 0.762766 0.321875 0.760697 0.325 0.756559 0.325 0.75449 0.326562 0.752421 0.326562 0.750352 0.328125 0.748283 0.329687 0.748283 0.33125 0.746214 0.33125 0.744145 0.334375 0.740007 0.335938 0.742076 0.335938 0.748283 0.3375 0.750352 0.3375 0.758628 0.339062 0.760697 0.339062 0.727593 0.3375 0.727593 0.335938 0.725524 0.3125 0.725524 0.310937 0.723455 0.29375 0.723455 0.292187 0.721386 0.289062 0.721386 0.2875 0.719317 0.2875 0.706902 0.289062 0.704834 0.289062 0.702764 0.290625 0.700695 0.290625 0.698626 0.292187 0.696557 0.292187 0.694488 0.29375 0.692419 0.29375 0.69035 0.296875 0.686212 0.296875 0.684143 0.298438 0.682074 0.298438 0.677936 0.3 0.675867 0.3 0.673798 0.301562 0.671729 0.301562 0.66966 0.303125 0.667591 0.303125 0.663453 0.304688 0.661384 0.304688 0.651039 0.303125 0.651039 0.301562 0.64897 0.285937 0.64897 0.284375 0.651039 0.282813 0.64897 0.278125 0.64897 0.275 0.644832 0.275 0.642763 0.273438 0.640694 0.273438 0.636556 0.26875 0.630349 0.26875 0.62828 0.267188 0.626211 0.267188 0.624141 0.265625 0.622072 0.265625 0.620003 0.264062 0.617934 0.264062 0.613796 0.2625 0.611727 0.2625 0.609658 0.260937 0.607589 0.260937 0.60552 0.259375 0.603451 0.259375 0.597244 0.257812 0.595175 0.257812 0.593106 0.254687 0.588968 0.254687 0.586899 0.251562 0.582761 0.251562 0.580692 0.248437 0.576554 0.248437 0.574485 0.24375 0.568278 0.242188 0.568278 0.240625 0.566209
56 0.928125 0.516552 0.926562 0.518621 0.925 0.518621 0.920312 0.524828 0.920312 0.526897 0.91875 0.528966 0.91875 0.533104 0.917187 0.535173 0.917187 0.537242 0.914062 0.54138 0.914062 0.54345 0.9125 0.545519 0.9125 0.547588 0.907812 0.553795 0.907812 0.555864 0.90625 0.557933 0.90625 0.560002 0.904687 0.562071 0.904687 0.56414 0.9 0.570347 0.9 0.574485 0.898438 0.576554 0.898438 0.578623 0.89375 0.58483 0.89375 0.588968 0.892187 0.591037 0.892187 0.595175 0.889062 0.599313 0.889062 0.601382 0.8875 0.603451 0.8875 0.60552 0.88125 0.613796 0.870312 0.613796 0.86875 0.615865 0.864062 0.615865 0.857812 0.624141 0.857812 0.651039 0.859375 0.653108 0.859375 0.659315 0.860937 0.657246 0.860937 0.655177 0.864062 0.651039 0.865625 0.651039 0.86875 0.655177 0.871875 0.655177 0.879687 0.665522 0.88125 0.665522 0.882812 0.667591 0.8875 0.667591 0.889062 0.66966 0.91875 0.66966 0.920312 0.667591 0.921875 0.667591 0.923437 0.66966 0.929688 0.66966 0.932812 0.673798 0.932812 0.675867 0.9375 0.682074 0.9375 0.684143 0.940625 0.688281 0.940625 0.69035 0.942187 0.692419 0.942187 0.704834 0.940625 0.706902 0.940625 0.708971 0.939062 0.711041 0.939062 0.715179 0.9375 0.717248 0.9375 0.727593 0.935937 0.729662 0.935937 0.7338 0.932812 0.737938 0.932812 0.742076 0.93125 0.744145 0.932812 0.746214 0.932812 0.750352 0.934375 0.750352 0.9375 0.746214 0.939062 0.746214 0.942187 0.742076 0.942187 0.737938 0.94375 0.735869 0.94375 0.7338 0.945312 0.731731 0.945312 0.729662 0.946875 0.727593 0.946875 0.723455 0.948437 0.721386 0.948437 0.708971 0.95 0.706902 0.95 0.702764 0.951562 0.700695 0.951562 0.698626 0.953125 0.696557 0.953125 0.692419 0.954687 0.69035 0.954687 0.673798 0.95625 0.671729 0.95625 0.665522 0.957812 0.663453 0.957812 0.659315 0.959375 0.657246 0.959375 0.644832 0.957812 0.642763 0.957812 0.640694 0.95625 0.638625 0.95625 0.634487 0.965625 0.622072 0.967187 0.622072 0.971875 0.615865 0.973437 0.615865 0.975 0.613796 0.976562 0.613796 0.982812 0.60552 0.984375 0.60552 0.990625 0.597244 0.992188 0.597244 0.995312 0.593106 0.998437 0.593106 0.998437 0.566209 0.996875 0.566209 0.995312 0.56414 0.99375 0.56414 0.989062 0.557933 0.9875 0.557933 0.98125 0.549657 0.979687 0.549657 0.976562 0.545519 0.975 0.545519 0.971875 0.54138 0.970312 0.54138 0.96875 0.539311 0.967187 0.539311 0.965625 0.537242 0.964062 0.537242 0.960938 0.533104 0.957812 0.533104 0.95625 0.531035 0.954687 0.531035 0.953125 0.528966 0.951562 0.528966 0.948437 0.524828 0.946875 0.524828 0.945312 0.522759 0.94375 0.522759 0.942187 0.52069 0.940625 0.52069 0.939062 0.518621 0.935937 0.518621 0.934375 0.516552
56 0.640625 0.640694 0.6375 0.644832 0.6375 0.686212 0.639062 0.688281 0.639062 0.694488 0.640625 0.696557 0.640625 0.698626 0.642187 0.700695 0.642187 0.702764 0.64375 0.704834 0.64375 0.706902 0.645312 0.708971 0.645312 0.711041 0.648438 0.715179 0.648438 0.717248 0.65 0.719317 0.65 0.731731 0.651562 0.7338 0.651562 0.746214 0.65 0.748283 0.65 0.787594 0.648438 0.789663 0.648438 0.804147 0.646875 0.806216 0.646875 0.810354 0.645312 0.812423 0.645312 0.816561 0.64375 0.81863 0.64375 0.841389 0.645312 0.843458 0.651562 0.843458 0.653125 0.841389 0.653125 0.837251 0.654687 0.835182 0.654687 0.816561 0.65625 0.814492 0.65625 0.795871 0.657812 0.793802 0.657812 0.785525 0.659375 0.783456 0.659375 0.779318 0.660937 0.777249 0.660937 0.77518 0.664062 0.771042 0.682812 0.771042 0.684375 0.773111 0.685937 0.773111 0.6875 0.77518 0.689062 0.77518 0.690625 0.777249 0.695312 0.777249 0.696875 0.779318 0.720312 0.779318 0.721875 0.777249 0.726562 0.777249 0.728125 0.77518 0.729687 0.77518 0.73125 0.773111 0.734375 0.773111 0.735937 0.771042 0.740625 0.771042 0.745312 0.764835 0.748437 0.764835 0.751562 0.760697 0.753125 0.760697 0.754687 0.762766 0.754687 0.777249 0.753125 0.779318 0.753125 0.781387 0.751562 0.783456 0.751562 0.787594 0.75 0.789663 0.75 0.81863 0.748437 0.820699 0.748437 0.826906 0.746875 0.828975 0.746875 0.831044 0.745312 0.833113 0.745312 0.835182 0.746875 0.837251 0.753125 0.837251 0.753125 0.835182 0.754687 0.833113 0.754687 0.824837 0.75625 0.822768 0.75625 0.816561 0.757812 0.814492 0.757812 0.804147 0.759375 0.802078 0.759375 0.766904 0.760937 0.764835 0.760937 0.735869 0.759375 0.7338 0.759375 0.717248 0.760937 0.715179 0.760937 0.71311 0.7625 0.711041 0.7625 0.708971 0.778125 0.688281 0.779687 0.688281 0.78125 0.686212 0.78125 0.684143 0.782812 0.682074 0.784375 0.682074 0.785937 0.680005 0.785937 0.677936 0.7875 0.675867 0.7875 0.673798 0.790625 0.66966 0.7875 0.665522 0.765625 0.665522 0.764062 0.663453 0.759375 0.663453 0.757812 0.661384 0.757812 0.659315 0.765625 0.64897 0.765625 0.644832 0.764062 0.642763 0.754687 0.642763 0.753125 0.644832 0.751562 0.642763 0.742188 0.642763 0.740625 0.640694 0.734375 0.640694 0.732812 0.642763 0.73125 0.642763 0.73125 0.644832 0.729687 0.646901 0.729687 0.659315 0.726562 0.663453 0.679688 0.663453 0.678125 0.665522 0.673437 0.665522 0.671875 0.667591 0.664062 0.667591 0.65625 0.657246 0.65625 0.655177 0.654687 0.653108 0.654687 0.64897 0.653125 0.646901 0.653125 0.644832 0.651562 0.642763 0.648438 0.642763 0.646875 0.640694
56 0.26875 0.483448 0.267188 0.485517 0.264062 0.485517 0.259375 0.491724 0.257812 0.491724 0.245312 0.508276 0.245312 0.510345 0.24375 0.512414 0.24375 0.539311 0.245312 0.54138 0.245312 0.54345 0.246875 0.545519 0.246875 0.549657 0.254687 0.560002 0.254687 0.562071 0.260937 0.570347 0.260937 0.572416 0.265625 0.578623 0.265625 0.580692 0.267188 0.582761 0.267188 0.611727 0.26875 0.613796 0.26875 0.620003 0.270312 0.622072 0.270312 0.626211 0.271875 0.62828 0.279687 0.62828 0.28125 0.626211 0.289062 0.626211 0.290625 0.62828 0.3 0.62828 0.301562 0.630349 0.307812 0.630349 0.309375 0.62828 0.315625 0.62828 0.315625 0.626211 0.317187 0.624141 0.317187 0.622072 0.321875 0.615865 0.321875 0.611727 0.323437 0.609658 0.323437 0.607589 0.325 0.60552 0.325 0.603451 0.328125 0.599313 0.328125 0.597244 0.329687 0.595175 0.329687 0.591037 0.33125 0.588968 0.33125 0.586899 0.334375 0.582761 0.334375 0.580692 0.335938 0.578623 0.335938 0.574485 0.340625 0.568278 0.340625 0.56414 0.342187 0.562071 0.342187 0.555864 0.345312 0.551726 0.345312 0.549657 0.346875 0.547588 0.346875 0.545519 0.348437 0.54345 0.348437 0.537242 0.353125 0.531035 0.353125 0.52069 0.351562 0.518621 0.342187 0.518621 0.340625 0.516552 0.315625 0.516552 0.314063 0.518621 0.3125 0.518621 0.309375 0.522759 0.307812 0.522759 0.30625 0.524828 0.301562 0.524828 0.3 0.522759 0.3 0.52069 0.298438 0.518621 0.298438 0.516552 0.296875 0.514483 0.296875 0.512414 0.29375 0.508276 0.29375 0.506207 0.292187 0.504138 0.292187 0.5 0.289062 0.495862 0.289062 0.493793 0.2875 0.491724 0.2875 0.489655 0.285937 0.487586 0.285937 0.485517 0.284375 0.483448
56 0.8125 0.665522 0.810937 0.667591 0.80625 0.667591 0.8 0.675867 0.8 0.677936 0.798437 0.680005 0.798437 0.682074 0.79375 0.688281 0.79375 0.69035 0.789062 0.696557 0.78125 0.696557 0.779687 0.698626 0.770312 0.698626 0.767187 0.702764 0.767187 0.704834 0.765625 0.706902 0.765625 0.711041 0.764062 0.71311 0.764062 0.729662 0.7625 0.731731 0.7625 0.737938 0.764062 0.740007 0.764062 0.760697 0.7625 0.762766 0.7625 0.768973 0.759375 0.773111 0.759375 0.779318 0.757812 0.781387 0.757812 0.787594 0.759375 0.789663 0.759375 0.806216 0.757812 0.808285 0.757812 0.828975 0.759375 0.831044 0.759375 0.833113 0.764062 0.833113 0.765625 0.831044 0.765625 0.826906 0.767187 0.824837 0.767187 0.820699 0.76875 0.81863 0.76875 0.816561 0.770312 0.814492 0.770312 0.812423 0.771875 0.810354 0.771875 0.802078 0.773438 0.800009 0.773438 0.783456 0.775 0.781387 0.775 0.779318 0.778125 0.77518 0.778125 0.773111 0.78125 0.768973 0.78125 0.766904 0.784375 0.762766 0.798437 0.762766 0.8 0.764835 0.801562 0.764835 0.803125 0.766904 0.804688 0.766904 0.807812 0.771042 0.810937 0.771042 0.8125 0.773111 0.815625 0.773111 0.81875 0.777249 0.821875 0.777249 0.823437 0.779318 0.839062 0.779318 0.840625 0.781387 0.842187 0.779318 0.859375 0.779318 0.860937 0.777249 0.8625 0.777249 0.864062 0.77518 0.875 0.77518 0.879687 0.781387 0.879687 0.789663 0.878125 0.791732 0.878125 0.793802 0.876562 0.795871 0.876562 0.79794 0.875 0.800009 0.875 0.810354 0.873437 0.812423 0.873437 0.820699 0.871875 0.822768 0.871875 0.824837 0.870312 0.826906 0.870312 0.828975 0.86875 0.831044 0.86875 0.835182 0.867188 0.837251 0.867188 0.83932 0.865625 0.841389 0.865625 0.845527 0.867188 0.847596 0.867188 0.849665 0.86875 0.849665 0.870312 0.851734 0.871875 0.851734 0.871875 0.849665 0.878125 0.841389 0.878125 0.83932 0.879687 0.837251 0.879687 0.831044 0.88125 0.828975 0.88125 0.824837 0.884375 0.820699 0.884375 0.81863 0.885937 0.816561 0.885937 0.802078 0.8875 0.800009 0.8875 0.79794 0.889062 0.795871 0.889062 0.793802 0.890625 0.791732 0.890625 0.787594 0.892187 0.785525 0.892187 0.773111 0.89375 0.771042 0.89375 0.766904 0.895312 0.764835 0.895312 0.762766 0.896875 0.760697 0.896875 0.75449 0.898438 0.752421 0.898438 0.7338 0.9 0.731731 0.9 0.725524 0.901562 0.723455 0.901562 0.719317 0.903125 0.717248 0.903125 0.711041 0.904687 0.708971 0.904687 0.706902 0.9125 0.696557 0.914062 0.696557 0.915625 0.694488 0.917187 0.694488 0.921875 0.688281 0.923437 0.688281 0.925 0.686212 0.926562 0.686212 0.932812 0.677936 0.932812 0.66966 0.925 0.66966 0.923437 0.671729 0.914062 0.671729 0.9125 0.673798 0.895312 0.673798 0.89375 0.671729 0.875 0.671729 0.873437 0.66966 0.865625 0.66966 0.864062 0.667591 0.85625 0.667591 0.854687 0.665522
