56 0.683869 0.675137 0.141598 0.25
56 0.539938 0.496566 0.0342324 0.0618132
56 0.746369 0.578297 0.0373444 0.0618132
60 0.287604 0.559753 0.173755 0.160714
56 0.767116 0.671703 0.0985477 0.152473
56 0.670643 0.523695 0.0290456 0.0542582
56 0.527749 0.563874 0.061722 0.156593
63 0.315871 0.479396 0.0508299 0.0480769
72 0.146006 0.442651 0.151971 0.324863
60 0.371369 0.664492 0.158714 0.184753
60 0.740145 0.552198 0.172199 0.151099
56 0.989886 0.977679 0.0202282 0.0391484
62 0.577541 0.441277 0.028527 0.0391484
56 0.216546 0.634959 0.0440871 0.0899725
56 0.711359 0.560783 0.0720954 0.0982143
63 0.577282 0.441277 0.0290456 0.0391484
60 0.545643 0.493132 0.0943983 0.129121
60 0.495073 0.569025 0.126037 0.171016
56 0.577541 0.441277 0.028527 0.0391484
62 0.316131 0.479052 0.0503112 0.0487637
56 0.669865 0.597871 0.0689834 0.100962
56 0.245332 0.492445 0.0560166 0.0494506
56 0.647303 0.524725 0.0570539 0.0879121
56 0.315871 0.479396 0.0508299 0.0480769
56 0.26167 0.663118 0.132261 0.143544
74 0.786826 0.277129 0.0425311 0.0652473
56 0.451245 0.546016 0.0809129 0.10989
56 0.410788 0.598558 0.0684647 0.12294
60 0.690871 0.750343 0.255187 0.300137
56 0.58195 0.674794 0.0798755 0.201236
56 0.458766 0.68853 0.0741701 0.221841
56 0.591027 0.494162 0.0637967 0.129808
56 0.832988 0.77919 0.102697 0.260302
56 0.727956 0.840316 0.172718 0.289148
56 0.421681 0.867788 0.146266 0.254808
56 0.274118 0.801511 0.163382 0.296703
