13 0.100403 0.921154 0.11371 0.151923
60 0.735215 0.53726 0.0989247 0.0514423
56 0.717607 0.491587 0.0336022 0.0485577
60 0.318414 0.49976 0.0905914 0.0466346
56 0.264247 0.504567 0.0833333 0.0908654
13 0.647177 0.647596 0.10457 0.102885
60 0.734812 0.603365 0.0991936 0.183654
56 0.494758 0.560577 0.063172 0.0923077
56 0.100538 0.921154 0.114516 0.151923
56 0.572984 0.565625 0.069086 0.0975962
0 0.117473 0.391346 0.0666667 0.184615
56 0.677016 0.751923 0.135753 0.157692
56 0.929167 0.861779 0.141129 0.267788
56 0.447849 0.665625 0.0983871 0.179327
13 0.760081 0.676683 0.106183 0.180288
56 0.422849 0.71899 0.130108 0.162981
13 0.676613 0.751442 0.141935 0.159615
56 0.510215 0.478365 0.0446237 0.0375
13 0.384677 0.86875 0.175806 0.255769
13 0.929301 0.860337 0.14086 0.26875
60 0.318145 0.528846 0.0927419 0.105769
56 0.340591 0.642548 0.0370968 0.219712
26 0.680645 0.476923 0.0489247 0.114423
60 0.219355 0.619952 0.195161 0.182212
60 0.534543 0.551923 0.145968 0.114423
56 0.647043 0.647596 0.104301 0.101923
56 0.175941 0.559856 0.0513441 0.100481
56 0.384409 0.86851 0.174194 0.255288
56 0.558468 0.482212 0.0443548 0.0442308
13 0.717339 0.889183 0.192204 0.213942
56 0.197177 0.855048 0.091129 0.284135
56 0.241398 0.501923 0.0370968 0.0855769
60 0.0833333 0.860337 0.165591 0.264904
0 0.675672 0.475962 0.0647849 0.3125
56 0.378226 0.556731 0.05 0.175
60 0.547177 0.799038 0.185215 0.390385
56 0.278898 0.709615 0.112634 0.284615
56 0.117876 0.661058 0.148656 0.207692
